C5',187.A,G,66.29,70.983,40.672,-0.029991
C4',187.A,G,66.499,69.517,40.385,0.030144
O4',187.A,G,66.495,69.29,38.953,-0.018656
C3',187.A,G,67.823,68.929,40.85,-0.474134
O3',187.A,G,67.833,68.607,42.232,0.106443
C1',187.A,G,67.43,68.255,38.619,0.13325
C2',187.A,G,67.986,67.72,39.94,-0.478646
O2',187.A,G,67.18,66.635,40.375,-0.091512
N1,187.A,G,71.327,67.086,35.56,0.057629
C2,187.A,G,70.496,66.256,36.273,0.064351
N2,187.A,G,70.727,64.94,36.158,0.144397
N3,187.A,G,69.508,66.683,37.04,0.360647
C4,187.A,G,69.415,68.03,37.042,0.074909
C5,187.A,G,70.193,68.946,36.367,0.008611
C6,187.A,G,71.249,68.474,35.547,0.072231
O6,187.A,G,72.05,69.129,34.868,0.12987
N7,187.A,G,69.771,70.242,36.634,0.128608
C8,187.A,G,68.764,70.092,37.45,0.236467
N9,187.A,G,68.494,68.776,37.74,0.057014
H4',187.A,G,65.766,69.007,40.79,nan
H3',187.A,G,68.541,69.569,40.665,nan
H1',187.A,G,66.945,67.541,38.157,nan
H2',187.A,G,68.929,67.46,39.853,nan
HO2',187.A,G,67.365,65.855,39.811,nan
H1,187.A,G,72.03,66.669,35.019,nan
H22,187.A,G,70.166,64.298,36.644,nan
H21,187.A,G,71.458,64.615,35.591,nan
H8,187.A,G,68.253,70.842,37.818,nan
P,188.A,G,69.222,68.549,43.036,-0.121015
OP2,188.A,G,70.002,69.766,42.697,-0.031502
OP1,188.A,G,68.918,68.245,44.458,0.008373
O5',188.A,G,69.977,67.291,42.414,-0.367027
C5',188.A,G,69.574,65.968,42.734,-0.03887
C4',188.A,G,70.431,64.942,42.034,0.143832
O4',188.A,G,70.355,65.137,40.598,0.156732
C3',188.A,G,71.921,64.999,42.337,-0.404531
O3',188.A,G,72.26,64.387,43.57,0.174894
C1',188.A,G,71.63,64.818,39.998,0.025081
C2',188.A,G,72.534,64.313,41.125,-0.482405
O2',188.A,G,72.41,62.9,41.215,0.190366
N1,188.A,G,75.138,66.475,36.704,0.004993
C2,188.A,G,74.882,65.198,37.138,0.185704
N2,188.A,G,75.659,64.228,36.632,0.251519
N3,188.A,G,73.933,64.889,38.006,0.247917
C4,188.A,G,73.248,65.979,38.413,0.102932
C5,188.A,G,73.424,67.294,38.041,-0.100781
C6,188.A,G,74.446,67.612,37.11,0.068533
O6,188.A,G,74.759,68.717,36.655,0.139013
N7,188.A,G,72.511,68.116,38.688,0.087331
C8,188.A,G,71.811,67.301,39.428,0.09589
N9,188.A,G,72.204,65.99,39.309,-0.021117
H5',188.A,G,68.641,65.844,42.462,nan
H5'',188.A,G,69.645,65.836,43.703,nan
H4',188.A,G,70.097,64.047,42.251,nan
H3',188.A,G,72.21,65.937,42.353,nan
H1',188.A,G,71.482,64.098,39.351,nan
H2',188.A,G,73.464,64.587,40.987,nan
HO2',188.A,G,72.256,62.653,42.15,nan
H1,188.A,G,75.866,66.597,36.057,nan
H22,188.A,G,75.522,63.297,36.905,nan
H21,188.A,G,76.365,64.449,35.989,nan
H8,188.A,G,71.078,67.594,40.009,nan
P,189.A,A,73.559,64.872,44.382,-0.079281
OP2,189.A,A,73.589,66.357,44.356,0.001691
OP1,189.A,A,73.581,64.16,45.683,0.150489
O5',189.A,A,74.78,64.339,43.508,-0.266238
C5',189.A,A,75.044,62.949,43.395,0.377293
C4',189.A,A,76.176,62.676,42.435,0.493789
O4',189.A,A,75.817,63.143,41.108,0.238757
C3',189.A,A,77.489,63.381,42.735,-0.3553
O3',189.A,A,78.242,62.742,43.752,0.365631
C1',189.A,A,76.999,63.635,40.437,0.317852
C2',189.A,A,78.179,63.389,41.378,-0.302901
O2',189.A,A,78.748,62.121,41.082,0.280342
N1,189.A,A,78.813,67.526,37.587,-0.002983
C2,189.A,A,79.182,66.243,37.697,0.199194
N3,189.A,A,78.664,65.283,38.461,0.408766
C4,189.A,A,77.635,65.755,39.187,0.19311
C5,189.A,A,77.141,67.046,39.181,0.181845
C6,189.A,A,77.774,67.968,38.328,0.193639
N6,189.A,A,77.408,69.247,38.218,0.136333
N7,189.A,A,76.071,67.166,40.058,0.202306
C8,189.A,A,75.945,65.964,40.565,0.211514
N9,189.A,A,76.859,65.061,40.083,0.181025
H5',189.A,A,74.237,62.496,43.073,nan
H5'',189.A,A,75.279,62.594,44.276,nan
H4',189.A,A,76.334,61.71,42.4,nan
H3',189.A,A,77.304,64.305,43.005,nan
H1',189.A,A,77.117,63.106,39.621,nan
H2',189.A,A,78.844,64.108,41.316,nan
HO2',189.A,A,78.859,61.62,41.916,nan
H2,189.A,A,79.94,65.973,37.138,nan
H61,189.A,A,77.89,69.843,37.606,nan
H62,189.A,A,76.658,69.589,38.747,nan
H8,189.A,A,75.261,65.733,41.229,nan
P,190.A,G,79.282,63.588,44.639,0.043473
OP2,190.A,G,78.622,64.858,45.036,-0.078243
OP1,190.A,G,79.83,62.688,45.687,0.129118
O5',190.A,G,80.459,63.938,43.625,-0.166722
C5',190.A,G,81.297,62.919,43.099,0.42867
C4',190.A,G,82.231,63.458,42.046,0.52475
O4',190.A,G,81.463,64.022,40.95,0.189079
C3',190.A,G,83.144,64.595,42.481,-0.221034
O3',190.A,G,84.273,64.148,43.213,0.378098
C1',190.A,G,82.174,65.156,40.402,-0.0215
C2',190.A,G,83.497,65.262,41.16,-0.43992
O2',190.A,G,84.49,64.526,40.46,0.229672
N1,190.A,G,81.634,69.972,38.84,0.039828
C2,190.A,G,82.587,69.042,38.498,0.201098
N2,190.A,G,83.523,69.444,37.623,0.342421
N3,190.A,G,82.622,67.81,38.975,0.296004
C4,190.A,G,81.612,67.574,39.838,0.047645
C5,190.A,G,80.611,68.431,40.248,-0.025984
C6,190.A,G,80.586,69.749,39.727,0.032697
O6,190.A,G,79.781,70.657,39.967,0.178483
N7,190.A,G,79.762,67.802,41.148,0.136565
C8,190.A,G,80.254,66.597,41.269,0.167159
N9,190.A,G,81.376,66.392,40.502,0.015135
H5',190.A,G,80.738,62.218,42.705,nan
H5'',190.A,G,81.826,62.532,43.83,nan
H4',190.A,G,82.78,62.722,41.703,nan
H3',190.A,G,82.633,65.225,43.031,nan
H1',190.A,G,82.354,64.959,39.458,nan
H2',190.A,G,83.762,66.197,41.289,nan
HO2',190.A,G,85.123,65.153,40.05,nan
H1,190.A,G,81.697,70.859,38.43,nan
H22,190.A,G,84.228,68.824,37.341,nan
H21,190.A,G,83.503,70.356,37.265,nan
H8,190.A,G,79.861,65.912,41.847,nan
P,191.A,C,85.058,65.172,44.163,0.04731
OP2,191.A,C,83.958,65.98,44.745,-0.163522
OP1,191.A,C,85.962,64.408,45.061,0.211922
O5',191.A,C,85.955,66.133,43.263,-0.230886
C5',191.A,C,86.995,65.611,42.45,0.507781
C4',191.A,C,87.448,66.611,41.415,0.493599
O4',191.A,C,86.325,67.011,40.577,0.195291
C3',191.A,C,87.983,67.931,41.947,-0.258908
O3',191.A,C,89.321,67.841,42.405,0.300575
C1',191.A,C,86.433,68.367,40.233,0.002977
C2',191.A,C,87.794,68.842,40.745,-0.335718
O2',191.A,C,88.78,68.596,39.753,0.18227
N1,191.A,C,85.306,69.091,40.872,0.073127
C2,191.A,C,84.929,70.332,40.344,0.2585
O2,191.A,C,85.543,70.787,39.367,0.282987
N3,191.A,C,83.905,71.013,40.908,0.085961
C4,191.A,C,83.262,70.503,41.958,0.213531
N4,191.A,C,82.257,71.21,42.482,0.270414
C5,191.A,C,83.621,69.245,42.518,0.392998
C6,191.A,C,84.635,68.58,41.951,0.326321
H5',191.A,C,86.671,64.805,41.996,nan
H5'',191.A,C,87.756,65.373,43.02,nan
H4',191.A,C,88.134,66.195,40.853,nan
H3',191.A,C,87.415,68.253,42.678,nan
H1',191.A,C,86.392,68.492,39.262,nan
H2',191.A,C,87.774,69.785,41.01,nan
HO2',191.A,C,89.615,68.328,40.191,nan
H42,191.A,C,81.765,70.862,43.254,nan
H41,191.A,C,82.013,72.077,42.094,nan
H5,191.A,C,83.141,68.877,43.29,nan
H6,191.A,C,84.897,67.712,42.322,nan
P,192.A,A,89.72,68.411,43.854,0.140635
OP2,192.A,A,88.507,68.383,44.709,-0.02208
OP1,192.A,A,90.95,67.711,44.302,0.323074
O5',192.A,A,90.093,69.935,43.579,-0.133811
C5',192.A,A,91.272,70.28,42.865,0.298388
C4',192.A,A,91.184,71.671,42.29,0.39341
O4',192.A,A,90.035,71.778,41.402,0.092626
C3',192.A,A,90.922,72.79,43.287,-0.216978
O3',192.A,A,92.088,73.201,43.979,0.242246
C1',192.A,A,89.479,73.072,41.468,0.169659
C2',192.A,A,90.363,73.894,42.378,-0.303585
O2',192.A,A,91.394,74.503,41.614,0.217621
N1,192.A,A,84.902,75.37,42.042,0.188043
C2,192.A,A,86.048,75.773,41.478,0.32485
N3,192.A,A,87.204,75.123,41.363,0.378423
C4,192.A,A,87.118,73.901,41.918,0.265887
C5,192.A,A,86.012,73.347,42.535,0.413153
C6,192.A,A,84.85,74.137,42.591,0.411562
N6,192.A,A,83.709,73.736,43.154,0.377363
N7,192.A,A,86.294,72.066,42.99,0.360933
C8,192.A,A,87.544,71.878,42.643,0.354026
N9,192.A,A,88.105,72.948,41.991,0.216385
H5',192.A,A,91.402,69.64,42.135,nan
H5'',192.A,A,92.039,70.233,43.472,nan
H4',192.A,A,92.006,71.874,41.796,nan
H3',192.A,A,90.24,72.52,43.938,nan
H1',192.A,A,89.453,73.484,40.578,nan
H2',192.A,A,89.851,74.555,42.889,nan
HO2',192.A,A,91.009,75.23,41.081,nan
H2,192.A,A,86.033,76.676,41.094,nan
H61,192.A,A,82.931,74.333,43.163,nan
H62,192.A,A,83.647,72.846,43.558,nan
H8,192.A,A,88.033,71.049,42.833,nan
P,193.A,U,92.084,73.292,45.584,0.236615
OP2,193.A,U,91.077,72.33,46.096,0.033886
OP1,193.A,U,93.491,73.203,46.053,0.272489
O5',193.A,U,91.557,74.766,45.884,-0.031067
C5',193.A,U,92.38,75.896,45.649,0.371994
C4',193.A,U,91.594,77.043,45.06,0.520469
O4',193.A,U,90.63,76.541,44.098,0.211639
C3',193.A,U,90.754,77.85,46.039,-0.147327
O3',193.A,U,91.509,78.809,46.759,0.435414
C1',193.A,U,89.429,77.318,44.154,0.262112
C2',193.A,U,89.691,78.462,45.136,-0.333644
O2',193.A,U,90.202,79.578,44.42,0.1413
N1,193.A,U,88.283,76.474,44.567,0.197798
C2,193.A,U,87.016,76.981,44.349,0.157697
O2,193.A,U,86.812,78.071,43.843,0.158005
N3,193.A,U,85.987,76.165,44.746,-0.052789
C4,193.A,U,86.089,74.918,45.327,0.19783
O4,193.A,U,85.064,74.305,45.629,0.251168
C5,193.A,U,87.43,74.457,45.519,0.310397
C6,193.A,U,88.453,75.232,45.142,0.28099
H5',193.A,U,93.095,75.647,45.027,nan
H5'',193.A,U,92.78,76.186,46.496,nan
H4',193.A,U,92.215,77.649,44.602,nan
H3',193.A,U,90.321,77.238,46.671,nan
H1',193.A,U,89.255,77.688,43.262,nan
H2',193.A,U,88.881,78.694,45.638,nan
HO2',193.A,U,89.476,79.988,43.909,nan
H3,193.A,U,85.079,76.505,44.602,nan
H5,193.A,U,87.597,73.581,45.926,nan
H6,193.A,U,89.36,74.895,45.285,nan
P,194.A,C,91.027,79.291,48.214,0.143477
OP2,194.A,C,90.646,78.088,48.995,0.064282
OP1,194.A,C,92.052,80.22,48.752,0.312485
O5',194.A,C,89.705,80.132,47.925,-0.261119
C5',194.A,C,89.777,81.451,47.407,0.207179
C4',194.A,C,88.407,82.053,47.22,0.400176
O4',194.A,C,87.619,81.221,46.331,0.130042
C3',194.A,C,87.549,82.168,48.473,-0.204193
O3',194.A,C,87.891,83.285,49.276,0.343823
C1',194.A,C,86.233,81.248,46.74,0.285416
C2',194.A,C,86.14,82.234,47.904,-0.290356
O2',194.A,C,85.848,83.527,47.391,0.23908
N1,194.A,C,85.756,79.891,47.108,0.334046
C2,194.A,C,84.375,79.672,47.187,0.24848
O2,194.A,C,83.597,80.609,46.95,0.341872
N3,194.A,C,83.915,78.444,47.522,0.425408
C4,194.A,C,84.772,77.454,47.771,0.224375
N4,194.A,C,84.271,76.26,48.097,0.276791
C5,194.A,C,86.18,77.647,47.7,0.466007
C6,194.A,C,86.625,78.863,47.367,0.477234
H5',194.A,C,90.236,81.429,46.543,nan
H5'',194.A,C,90.289,82.01,48.027,nan
H4',194.A,C,88.504,82.942,46.818,nan
H3',194.A,C,87.643,81.35,49.003,nan
H1',194.A,C,85.704,81.584,45.985,nan
H2',194.A,C,85.471,81.947,48.564,nan
HO2',194.A,C,86.466,84.174,47.786,nan
H42,194.A,C,84.874,75.512,48.288,nan
H41,194.A,C,83.301,76.132,48.148,nan
H5,194.A,C,86.803,76.912,47.885,nan
H6,194.A,C,87.591,79.016,47.313,nan
P,195.A,G,87.838,83.173,50.879,0.089554
OP2,195.A,G,88.28,81.807,51.26,-0.030476
OP1,195.A,G,88.536,84.355,51.446,0.303976
O5',195.A,G,86.288,83.304,51.225,-0.128007
C5',195.A,G,85.499,84.338,50.655,0.347057
C4',195.A,G,84.026,84.032,50.758,0.417934
O4',195.A,G,83.646,82.985,49.831,0.02394
C3',195.A,G,83.552,83.473,52.092,-0.203022
O3',195.A,G,83.491,84.455,53.112,0.343766
C1',195.A,G,82.531,82.282,50.341,0.177873
C2',195.A,G,82.191,82.93,51.707,-0.242174
O2',195.A,G,81.253,83.978,51.515,0.221486
N1,195.A,G,80.871,77.492,50.811,0.318989
C2,195.A,G,80.154,78.659,50.7,0.419445
N2,195.A,G,78.818,78.541,50.715,0.571912
N3,195.A,G,80.705,79.856,50.581,0.553204
C4,195.A,G,82.053,79.794,50.585,0.383014
C5,195.A,G,82.864,78.684,50.69,0.234283
C6,195.A,G,82.26,77.406,50.816,0.11407
O6,195.A,G,82.807,76.302,50.922,0.304968
N7,195.A,G,84.203,79.045,50.651,0.464565
C8,195.A,G,84.183,80.345,50.526,0.542287
N9,195.A,G,82.912,80.864,50.479,0.369888
H5',195.A,G,85.74,84.441,49.711,nan
H5'',195.A,G,85.685,85.178,51.126,nan
H4',195.A,G,83.517,84.84,50.534,nan
H3',195.A,G,84.139,82.737,52.359,nan
H1',195.A,G,81.757,82.356,49.744,nan
H2',195.A,G,81.871,82.27,52.358,nan
HO2',195.A,G,80.852,84.21,52.379,nan
H1,195.A,G,80.368,76.656,50.894,nan
H22,195.A,G,78.255,79.34,50.639,nan
H21,195.A,G,78.403,77.658,50.802,nan
H8,195.A,G,84.993,80.893,50.47,nan
P,196.A,U,84.058,84.119,54.572,0.186791
OP2,196.A,U,84.921,82.938,54.321,0.130944
OP1,196.A,U,84.65,85.35,55.156,0.415556
O5',196.A,U,82.853,83.66,55.506,0.020215
C5',196.A,U,81.901,84.598,55.983,0.27046
C4',196.A,U,80.497,84.22,55.576,0.338158
O4',196.A,U,80.522,83.52,54.304,0.102758
C3',196.A,U,79.761,83.269,56.507,-0.331088
O3',196.A,U,79.2,83.921,57.633,0.246654
C1',196.A,U,79.518,82.499,54.287,0.090392
C2',196.A,U,78.727,82.637,55.587,-0.207676
O2',196.A,U,77.63,83.513,55.369,0.111054
N1,196.A,U,80.146,81.163,54.148,0.128813
C2,196.A,U,79.32,80.115,53.78,0.134533
O2,196.A,U,78.128,80.249,53.569,0.259093
N3,196.A,U,79.943,78.896,53.663,0.137159
C4,196.A,U,81.279,78.62,53.874,0.235422
O4,196.A,U,81.687,77.468,53.728,0.189193
C5,196.A,U,82.069,79.752,54.252,0.204243
C6,196.A,U,81.489,80.95,54.372,0.28268
H5',196.A,U,82.113,85.481,55.615,nan
H5'',196.A,U,81.949,84.636,56.959,nan
H4',196.A,U,79.966,85.039,55.475,nan
H3',196.A,U,80.384,82.575,56.814,nan
H1',196.A,U,78.924,82.657,53.524,nan
H2',196.A,U,78.433,81.764,55.922,nan
HO2',196.A,U,76.952,83.047,54.834,nan
H3,196.A,U,79.377,78.141,53.404,nan
H5,196.A,U,83.029,79.648,54.42,nan
H6,196.A,U,82.051,81.707,54.632,nan
P,197.A,G,78.963,83.112,59.002,-0.102058
OP2,197.A,G,80.176,82.301,59.272,-0.127526
OP1,197.A,G,78.476,84.071,60.025,0.111775
O5',197.A,G,77.769,82.112,58.656,-0.335302
C5',197.A,G,76.432,82.579,58.561,0.024139
C4',197.A,G,75.482,81.467,58.189,0.114213
O4',197.A,G,75.895,80.872,56.93,-0.0053
C3',197.A,G,75.418,80.293,59.152,-0.451588
O3',197.A,G,74.608,80.551,60.285,-0.058491
C1',197.A,G,75.615,79.457,56.95,-0.032552
C2',197.A,G,74.895,79.169,58.27,-0.463988
O2',197.A,G,73.494,79.281,58.066,-0.000354
N1,197.A,G,77.581,74.864,55.976,0.05184
C2,197.A,G,76.266,75.257,56.032,0.26039
N2,197.A,G,75.349,74.307,55.799,0.346973
N3,197.A,G,75.874,76.493,56.297,0.467193
C4,197.A,G,76.922,77.319,56.507,0.114471
C5,197.A,G,78.27,77.028,56.473,0.149059
C6,197.A,G,78.674,75.697,56.188,0.138343
O6,197.A,G,79.821,75.24,56.114,0.157914
N7,197.A,G,79.026,78.159,56.744,0.17507
C8,197.A,G,78.142,79.101,56.932,0.253443
N9,197.A,G,76.846,78.66,56.803,0.142769
H5',197.A,G,76.387,83.281,57.879,nan
H5'',197.A,G,76.162,82.955,59.425,nan
H4',197.A,G,74.583,81.841,58.081,nan
H3',197.A,G,76.327,80.072,59.449,nan
H1',197.A,G,75.01,79.266,56.203,nan
H2',197.A,G,75.141,78.288,58.626,nan
HO2',197.A,G,73.183,78.506,57.555,nan
H1,197.A,G,77.765,73.922,55.772,nan
H22,197.A,G,74.395,74.53,55.826,nan
H21,197.A,G,75.63,73.39,55.603,nan
H8,197.A,G,78.379,80.028,57.144,nan
P,198.A,U,74.81,79.685,61.619,-0.130657
OP2,198.A,U,73.44,79.179,61.887,-0.154282
OP1,198.A,U,75.921,78.723,61.408,-0.17343
O5',198.A,U,75.219,80.657,62.813,-0.019076
C5',198.A,U,75.904,80.162,63.954,-0.307271
C4',198.A,U,74.977,79.412,64.879,-0.490249
O4',198.A,U,74.168,80.376,65.616,-0.151913
C3',198.A,U,74.004,78.449,64.216,-0.472929
O3',198.A,U,73.735,77.304,65.004,0.215961
C1',198.A,U,72.8,80.05,65.46,-0.015627
C2',198.A,U,72.714,79.254,64.161,-0.04519
O2',198.A,U,71.576,78.406,64.212,0.105568
N1,198.A,U,72.029,81.315,65.397,-0.227247
C2,198.A,U,70.859,81.378,66.132,-0.155013
O2,198.A,U,70.451,80.454,66.813,0.313078
N3,198.A,U,70.179,82.568,66.044,0.165732
C4,198.A,U,70.539,83.679,65.311,-0.240482
O4,198.A,U,69.818,84.678,65.334,-0.066015
C5,198.A,U,71.759,83.542,64.577,-0.32059
C6,198.A,U,72.442,82.395,64.645,-0.208314
H5',198.A,U,76.299,80.915,64.441,nan
H5'',198.A,U,76.619,79.559,63.662,nan
H4',198.A,U,75.518,78.917,65.529,nan
H3',198.A,U,74.307,78.165,63.329,nan
H1',198.A,U,72.462,79.5,66.199,nan
H2',198.A,U,72.691,79.844,63.379,nan
HO2',198.A,U,70.765,78.957,64.174,nan
H3,198.A,U,69.347,82.634,66.557,nan
H5,198.A,U,72.092,84.284,64.029,nan
H6,198.A,U,73.274,82.325,64.133,nan
P,199.A,C,74.679,76.008,64.898,-0.147666
OP2,199.A,C,76.089,76.469,64.842,-0.525348
OP1,199.A,C,74.262,75.048,65.951,-0.006229
O5',199.A,C,74.309,75.376,63.483,-0.357007
C5',199.A,C,72.986,74.952,63.197,0.330767
C4',199.A,C,72.966,73.587,62.553,0.27264
O4',199.A,C,73.409,73.683,61.175,0.067802
C3',199.A,C,73.888,72.544,63.165,-0.296757
O3',199.A,C,73.348,71.939,64.327,0.326293
C1',199.A,C,74.169,72.525,60.819,0.106134
C2',199.A,C,74.101,71.571,62.012,-0.382255
O2',199.A,C,72.983,70.71,61.852,0.233131
N1,199.A,C,75.563,72.898,60.473,0.079143
C2,199.A,C,76.349,71.965,59.785,0.087482
O2,199.A,C,75.861,70.863,59.487,0.284609
N3,199.A,C,77.623,72.28,59.457,0.057452
C4,199.A,C,78.124,73.47,59.789,0.124667
N4,199.A,C,79.387,73.737,59.446,0.257115
C5,199.A,C,77.351,74.439,60.491,0.287599
C6,199.A,C,76.091,74.116,60.807,0.23799
H5',199.A,C,72.569,75.598,62.59,nan
H5'',199.A,C,72.473,74.92,64.031,nan
H4',199.A,C,72.046,73.245,62.567,nan
H3',199.A,C,74.744,72.965,63.39,nan
H1',199.A,C,73.743,72.104,60.042,nan
H2',199.A,C,74.935,71.068,62.116,nan
HO2',199.A,C,73.183,70.055,61.153,nan
H42,199.A,C,79.783,74.602,59.676,nan
H41,199.A,C,79.917,73.067,58.966,nan
H5,199.A,C,77.727,75.311,60.729,nan
H6,199.A,C,75.543,74.77,61.289,nan
P,200.A,U,74.322,71.277,65.422,0.010154
OP2,200.A,U,75.403,72.25,65.721,-0.012186
OP1,200.A,U,73.482,70.75,66.526,0.194427
O5',200.A,U,74.971,70.038,64.661,-0.225321
C5',200.A,U,74.204,68.88,64.364,0.325394
C4',200.A,U,75.015,67.849,63.618,0.385126
O4',200.A,U,75.505,68.41,62.373,0.110624
C3',200.A,U,76.271,67.353,64.319,-0.424528
O3',200.A,U,76.004,66.379,65.314,0.295308
C1',200.A,U,76.805,67.86,62.074,0.101273
C2',200.A,U,77.11,66.829,63.162,-0.456906
O2',200.A,U,76.657,65.555,62.731,0.171195
N1,200.A,U,77.834,68.927,62.005,-0.037785
C2,200.A,U,79.031,68.612,61.39,0.03029
O2,200.A,U,79.265,67.516,60.913,0.133566
N3,200.A,U,79.95,69.631,61.351,0.054794
C4,200.A,U,79.804,70.906,61.852,0.05704
O4,200.A,U,80.728,71.713,61.738,0.259065
C5,200.A,U,78.54,71.161,62.474,0.283996
C6,200.A,U,77.624,70.188,62.526,0.217805
H5',200.A,U,73.435,69.14,63.814,nan
H5'',200.A,U,73.88,68.487,65.2,nan
H4',200.A,U,74.441,67.081,63.417,nan
H3',200.A,U,76.732,68.114,64.73,nan
H1',200.A,U,76.751,67.409,61.206,nan
H2',200.A,U,78.065,66.818,63.387,nan
HO2',200.A,U,76.128,65.145,63.446,nan
H3,200.A,U,80.807,69.429,60.918,nan
H5,200.A,U,78.347,72.042,62.858,nan
H6,200.A,U,76.768,70.385,62.958,nan
P,201.A,C,76.998,66.204,66.563,0.066688
OP2,201.A,C,77.348,67.555,67.067,0.099823
OP1,201.A,C,76.401,65.207,67.489,0.216881
O5',201.A,C,78.309,65.56,65.928,-0.132087
C5',201.A,C,78.306,64.226,65.443,0.317256
C4',201.A,C,79.625,63.859,64.809,0.372868
O4',201.A,C,79.89,64.73,63.68,0.191503
C3',201.A,C,80.856,64.013,65.688,-0.321428
O3',201.A,C,81.026,62.937,66.596,0.473136
C1',201.A,C,81.313,64.971,63.578,0.285707
C2',201.A,C,81.981,64.133,64.669,-0.401464
O2',201.A,C,82.327,62.867,64.13,0.298706
N1,201.A,C,81.623,66.417,63.707,-0.088351
C2,201.A,C,82.877,66.869,63.279,0.034509
O2,201.A,C,83.686,66.055,62.808,0.188057
N3,201.A,C,83.184,68.182,63.385,0.048794
C4,201.A,C,82.297,69.036,63.895,0.017428
N4,201.A,C,82.644,70.323,63.982,0.226394
C5,201.A,C,81.015,68.609,64.34,0.262348
C6,201.A,C,80.721,67.308,64.229,0.184172
H5',201.A,C,77.594,64.129,64.777,nan
H5'',201.A,C,78.129,63.615,66.189,nan
H4',201.A,C,79.576,62.933,64.49,nan
H3',201.A,C,80.79,64.85,66.193,nan
H1',201.A,C,81.606,64.654,62.699,nan
H2',201.A,C,82.76,64.594,65.046,nan
HO2',201.A,C,83.302,62.816,64.038,nan
H42,201.A,C,82.015,70.977,64.351,nan
H41,201.A,C,83.529,70.614,63.674,nan
H5,201.A,C,80.368,69.244,64.714,nan
H6,201.A,C,79.843,66.994,64.53,nan
P,202.A,A,81.73,63.185,68.02,0.301682
OP2,202.A,A,81.515,64.604,68.399,0.014479
OP1,202.A,A,81.295,62.105,68.942,0.261744
O5',202.A,A,83.282,62.984,67.723,-0.186549
C5',202.A,A,83.795,61.713,67.351,0.186549
C4',202.A,A,85.042,61.843,66.512,0.248779
O4',202.A,A,84.825,62.844,65.465,-0.012785
C3',202.A,A,86.278,62.362,67.23,-0.465164
O3',202.A,A,86.821,61.428,68.147,0.221885
C1',202.A,A,86.041,63.46,65.184,0.298654
C2',202.A,A,87.132,62.808,66.04,-0.299279
O2',202.A,A,87.684,61.692,65.356,0.073928
N1,202.A,A,88.282,68.062,64.59,-0.074904
C2,202.A,A,88.654,66.827,64.233,0.169363
N3,202.A,A,88.021,65.67,64.419,0.255884
C4,202.A,A,86.857,65.865,65.063,0.105249
C5,202.A,A,86.339,67.072,65.493,-0.112897
C6,202.A,A,87.106,68.223,65.234,0.163596
N6,202.A,A,86.735,69.455,65.59,0.400437
N7,202.A,A,85.114,66.886,66.118,0.165807
C8,202.A,A,84.921,65.592,66.053,0.116176
N9,202.A,A,85.936,64.912,65.427,0.023881
H5',202.A,A,83.113,61.231,66.837,nan
H5'',202.A,A,84.005,61.203,68.16,nan
H4',202.A,A,85.234,60.978,66.093,nan
H3',202.A,A,86.031,63.141,67.773,nan
H1',202.A,A,86.232,63.301,64.235,nan
H2',202.A,A,87.825,63.445,66.314,nan
HO2',202.A,A,88.259,62.016,64.632,nan
H2,202.A,A,89.515,66.765,63.768,nan
H61,202.A,A,87.312,70.219,65.382,nan
H62,202.A,A,85.886,69.595,66.058,nan
H8,202.A,A,84.126,65.15,66.418,nan
P,203.A,A,87.071,61.86,69.668,0.016357
OP2,203.A,A,85.763,62.441,70.06,-0.144694
OP1,203.A,A,87.614,60.7,70.418,-0.227446
O5',203.A,A,88.158,63.025,69.707,-0.186129
C5',203.A,A,89.423,62.863,69.082,0.345876
C4',203.A,A,89.963,64.177,68.576,0.3966
O4',203.A,A,89.027,64.85,67.699,0.423859
C3',203.A,A,90.239,65.236,69.633,0.335999
O3',203.A,A,91.423,64.988,70.37,0.383397
C1',203.A,A,89.088,66.221,67.865,0.033707
C2',203.A,A,90.274,66.488,68.779,0.071656
O2',203.A,A,91.465,66.551,68.007,0.352029
N1,203.A,A,86.127,70.233,69.164,0.302941
C2,203.A,A,87.332,70.154,68.584,0.12505
N3,203.A,A,88.046,69.074,68.275,0.045977
C4,203.A,A,87.392,67.954,68.628,0.293684
C5,203.A,A,86.15,67.875,69.231,0.226544
C6,203.A,A,85.497,69.089,69.506,0.08776
N6,203.A,A,84.296,69.169,70.084,0.076787
N7,203.A,A,85.793,66.551,69.447,0.429654
C8,203.A,A,86.809,65.871,68.977,0.423233
N9,203.A,A,87.813,66.656,68.467,0.313565
H5',203.A,A,89.33,62.244,68.327,nan
H5'',203.A,A,90.054,62.485,69.728,nan
H4',203.A,A,90.794,63.989,68.091,nan
H3',203.A,A,89.483,65.303,70.253,nan
H1',203.A,A,89.222,66.687,67.012,nan
H2',203.A,A,90.148,67.295,69.32,nan
HO2',203.A,A,92.191,66.124,68.507,nan
H2,203.A,A,87.746,71.012,68.356,nan
H61,203.A,A,83.89,70.046,70.251,nan
H62,203.A,A,83.82,68.352,70.341,nan
H8,203.A,A,86.85,64.891,68.99,nan
P,204.A,G,91.83,65.949,71.592,0.316926
OP2,204.A,G,90.6,66.628,72.072,0.099207
OP1,204.A,G,92.653,65.16,72.545,0.451083
O5',204.A,G,92.771,67.049,70.922,0.138429
C5',204.A,G,94.11,66.743,70.565,0.476491
C4',204.A,G,94.784,67.915,69.894,0.450499
O4',204.A,G,94.05,68.283,68.697,0.301242
C3',204.A,G,94.847,69.201,70.7,-0.06058
O3',204.A,G,95.885,69.202,71.666,0.336307
C1',204.A,G,94.123,69.709,68.509,0.262523
C2',204.A,G,95.015,70.262,69.623,-0.352255
O2',204.A,G,96.355,70.315,69.155,0.254291
N1,204.A,G,91.331,73.87,67.615,0.392795
C2,204.A,G,92.681,73.676,67.465,0.182571
N2,204.A,G,93.389,74.726,67.017,0.230479
N3,204.A,G,93.299,72.536,67.732,0.318993
C4,204.A,G,92.443,71.59,68.172,0.124544
C5,204.A,G,91.079,71.682,68.355,0.206496
C6,204.A,G,90.43,72.91,68.066,0.218034
O6,204.A,G,89.229,73.189,68.164,0.376124
N7,204.A,G,90.562,70.481,68.82,0.262628
C8,204.A,G,91.602,69.696,68.911,0.364011
N9,204.A,G,92.773,70.304,68.53,0.259395
H5',204.A,G,94.113,65.977,69.954,nan
H5'',204.A,G,94.611,66.507,71.375,nan
H4',204.A,G,95.695,67.653,69.641,nan
H3',204.A,G,93.987,69.338,71.154,nan
H1',204.A,G,94.542,69.882,67.64,nan
H2',204.A,G,94.702,71.14,69.929,nan
HO2',204.A,G,96.441,71.054,68.519,nan
H1,204.A,G,90.971,74.753,67.389,nan
H22,204.A,G,94.357,74.644,66.891,nan
H21,204.A,G,92.94,75.573,66.818,nan
H8,204.A,G,91.55,68.766,69.216,nan
P,205.A,U,95.74,70.07,73.01,0.19903
OP2,205.A,U,94.453,69.706,73.653,0.010345
OP1,205.A,U,97.006,69.948,73.776,0.15229
O5',205.A,U,95.624,71.571,72.486,-0.069296
C5',205.A,U,96.773,72.287,72.063,0.448394
C4',205.A,U,96.424,73.686,71.614,0.573653
O4',205.A,U,95.466,73.632,70.525,0.317693
C3',205.A,U,95.756,74.575,72.65,0.192815
O3',205.A,U,96.673,75.136,73.574,0.451788
C1',205.A,U,94.559,74.751,70.621,0.323447
C2',205.A,U,95.043,75.609,71.791,-0.182955
O2',205.A,U,95.953,76.585,71.301,0.337478
N1,205.A,U,93.16,74.294,70.8,0.397361
C2,205.A,U,92.158,75.218,70.556,0.310809
O2,205.A,U,92.38,76.363,70.207,0.391392
N3,205.A,U,90.88,74.748,70.736,0.206038
C4,205.A,U,90.505,73.48,71.125,0.248922
O4,205.A,U,89.308,73.213,71.242,0.255788
C5,205.A,U,91.594,72.58,71.36,0.340227
C6,205.A,U,92.848,73.01,71.192,0.386015
H5',205.A,U,97.192,71.808,71.316,nan
H5'',205.A,U,97.409,72.34,72.807,nan
H4',205.A,U,97.24,74.127,71.296,nan
H3',205.A,U,95.086,74.051,73.14,nan
H1',205.A,U,94.626,75.267,69.79,nan
H2',205.A,U,94.293,76.02,72.269,nan
HO2',205.A,U,96.757,76.581,71.86,nan
H3,205.A,U,90.155,75.385,70.567,nan
H5,205.A,U,91.419,71.658,71.64,nan
H6,205.A,U,93.576,72.375,71.36,nan
P,206.A,G,96.172,75.606,75.028,0.284407
OP2,206.A,G,95.214,74.59,75.534,0.181725
OP1,206.A,G,97.37,75.953,75.836,0.304373
O5',206.A,G,95.363,76.948,74.744,0.052673
C5',206.A,G,96.031,78.124,74.31,0.474151
C4',206.A,G,95.067,79.266,74.107,0.433169
O4',206.A,G,94.135,78.938,73.042,0.21538
C3',206.A,G,94.173,79.604,75.289,-0.214312
O3',206.A,G,94.838,80.359,76.289,0.409437
C1',206.A,G,92.852,79.558,73.33,0.330696
C2',206.A,G,93.017,80.346,74.631,-0.27912
O2',206.A,G,93.376,81.684,74.319,0.295959
N1,206.A,G,87.825,78.76,73.391,0.644213
C2,206.A,G,88.522,79.94,73.286,0.214245
N2,206.A,G,87.788,81.057,73.182,0.26027
N3,206.A,G,89.843,80.02,73.28,0.353657
C4,206.A,G,90.422,78.806,73.394,0.327037
C5,206.A,G,89.82,77.571,73.505,0.432028
C6,206.A,G,88.403,77.499,73.51,0.396479
O6,206.A,G,87.681,76.499,73.599,0.395804
N7,206.A,G,90.771,76.565,73.599,0.364432
C8,206.A,G,91.913,77.195,73.545,0.541536
N9,206.A,G,91.776,78.557,73.419,0.250012
H5',206.A,G,96.492,77.938,73.466,nan
H5'',206.A,G,96.695,78.381,74.986,nan
H4',206.A,G,95.573,80.066,73.851,nan
H3',206.A,G,93.836,78.774,75.686,nan
H1',206.A,G,92.662,80.18,72.596,nan
H2',206.A,G,92.206,80.305,75.18,nan
HO2',206.A,G,92.594,82.146,73.954,nan
H1,206.A,G,86.847,78.809,73.386,nan
H22,206.A,G,88.231,81.929,73.103,nan
H21,206.A,G,86.81,81.006,73.185,nan
H8,206.A,G,92.781,76.741,73.587,nan
P,207.A,C,94.419,80.2,77.833,0.325439
OP2,207.A,C,94.354,78.751,78.146,0.324077
OP1,207.A,C,95.296,81.087,78.639,0.38159
O5',207.A,C,92.94,80.787,77.894,0.078319
C5',207.A,C,92.694,82.172,77.698,0.515873
C4',207.A,C,91.216,82.478,77.666,0.497768
O4',207.A,C,90.594,81.798,76.544,0.17357
C3',207.A,C,90.41,82.014,78.872,-0.132027
O3',207.A,C,90.529,82.883,79.985,0.457663
C1',207.A,C,89.257,81.396,76.902,0.405695
C2',207.A,C,88.997,81.93,78.312,-0.040764
O2',207.A,C,88.404,83.216,78.214,0.347737
N1,207.A,C,89.106,79.922,76.822,0.212303
C2,207.A,C,87.814,79.388,76.762,0.31174
O2,207.A,C,86.84,80.155,76.776,0.287905
N3,207.A,C,87.649,78.046,76.688,0.178642
C4,207.A,C,88.712,77.243,76.674,0.13963
N4,207.A,C,88.502,75.925,76.599,0.180722
C5,207.A,C,90.039,77.754,76.735,0.298261
C6,207.A,C,90.19,79.082,76.807,0.278128
H5',207.A,C,93.096,82.449,76.849,nan
H5'',207.A,C,93.109,82.675,78.429,nan
H4',207.A,C,91.096,83.444,77.557,nan
H3',207.A,C,90.706,81.116,79.13,nan
H1',207.A,C,88.637,81.82,76.274,nan
H2',207.A,C,88.441,81.313,78.832,nan
HO2',207.A,C,87.477,83.118,77.914,nan
H42,207.A,C,89.262,75.309,76.588,nan
H41,207.A,C,87.586,75.577,76.559,nan
H5,207.A,C,90.815,77.155,76.724,nan
H6,207.A,C,91.095,79.453,76.85,nan
P,208.A,U,90.352,82.311,81.477,0.370543
OP2,208.A,U,91.097,81.032,81.571,0.277326
OP1,208.A,U,90.656,83.41,82.43,0.381806
O5',208.A,U,88.796,81.985,81.581,0.227019
C5',208.A,U,87.828,83.023,81.54,0.418352
C4',208.A,U,86.422,82.473,81.515,0.525057
O4',208.A,U,86.223,81.68,80.317,0.18051
C3',208.A,U,86.052,81.53,82.649,-0.162978
O3',208.A,U,85.739,82.207,83.853,0.449433
C1',208.A,U,85.326,80.585,80.61,0.175941
C2',208.A,U,84.884,80.75,82.064,-0.318848
O2',208.A,U,83.686,81.513,82.098,0.160343
N1,208.A,U,85.981,79.277,80.366,0.097051
C2,208.A,U,85.159,78.173,80.242,0.109375
O2,208.A,U,83.944,78.233,80.322,0.259132
N3,208.A,U,85.809,76.983,80.017,0.044924
C4,208.A,U,87.169,76.788,79.907,0.075498
O4,208.A,U,87.603,75.653,79.704,0.074211
C5,208.A,U,87.957,77.974,80.045,0.121153
C6,208.A,U,87.351,79.145,80.263,0.145069
H5',208.A,U,87.974,83.563,80.735,nan
H5'',208.A,U,87.935,83.591,82.33,nan
H4',208.A,U,85.79,83.223,81.507,nan
H3',208.A,U,86.8,80.914,82.812,nan
H1',208.A,U,84.546,80.669,80.02,nan
H2',208.A,U,84.774,79.882,82.505,nan
HO2',208.A,U,82.943,80.955,81.79,nan
H3,208.A,U,85.244,76.189,79.927,nan
H5,208.A,U,88.934,77.928,79.98,nan
H6,208.A,U,87.912,79.942,80.356,nan
P,209.A,U,85.947,81.48,85.27,0.440276
OP2,209.A,U,87.263,80.79,85.242,0.300953
OP1,209.A,U,85.661,82.468,86.342,0.435866
O5',209.A,U,84.807,80.368,85.305,0.419173
C5',209.A,U,83.436,80.732,85.357,0.511824
C4',209.A,U,82.536,79.525,85.246,0.508584
O4',209.A,U,82.749,78.865,83.971,0.597292
C3',209.A,U,82.759,78.425,86.273,0.584609
O3',209.A,U,82.172,78.714,87.53,0.569852
C1',209.A,U,82.58,77.438,84.134,0.331865
C2',209.A,U,82.163,77.204,85.587,0.490054
O2',209.A,U,80.746,77.208,85.667,0.445246
N1,209.A,U,83.822,76.712,83.78,0.015243
C2,209.A,U,83.71,75.356,83.523,-0.127658
O2,209.A,U,82.65,74.756,83.575,-0.001958
N3,209.A,U,84.885,74.726,83.199,-0.31055
C4,209.A,U,86.137,75.295,83.109,-0.073543
O4,209.A,U,87.101,74.589,82.806,0.072971
C5,209.A,U,86.178,76.697,83.387,0.096185
C6,209.A,U,85.047,77.339,83.703,0.009392
H5',209.A,U,83.239,81.344,84.619,nan
H5'',209.A,U,83.257,81.186,86.206,nan
H4',209.A,U,81.603,79.822,85.298,nan
H3',209.A,U,83.723,78.288,86.392,nan
H1',209.A,U,81.856,77.151,83.538,nan
H2',209.A,U,82.545,76.372,85.939,nan
HO2',209.A,U,80.401,76.383,85.269,nan
H3,209.A,U,84.826,73.765,83.014,nan
H5,209.A,U,87.027,77.185,83.344,nan
H6,209.A,U,85.102,78.298,83.889,nan
P,210.A,C,80.717,79.384,87.596,0.514558
OP2,210.A,C,80.947,80.837,87.801,0.693781
OP1,210.A,C,80.001,78.921,86.38,0.46894
O5',210.A,C,79.942,78.825,88.868,0.36772
C5',210.A,C,79.894,79.564,90.079,0.118483
C4',210.A,C,78.476,79.914,90.462,0.310813
O4',210.A,C,78.052,79.099,91.585,0.23561
C3',210.A,C,78.241,81.342,90.933,-0.252436
O3',210.A,C,78.119,82.265,89.864,0.335664
C1',210.A,C,77.208,79.858,92.454,0.359059
C2',210.A,C,76.981,81.211,91.776,-0.194612
O2',210.A,C,75.822,81.13,90.96,0.260247
N1,210.A,C,77.829,79.996,93.794,-0.057183
C2,210.A,C,77.019,80.398,94.865,0.043933
O2,210.A,C,75.817,80.626,94.663,0.100101
N3,210.A,C,77.563,80.532,96.097,-0.163848
C4,210.A,C,78.857,80.281,96.287,0.172752
N4,210.A,C,79.349,80.426,97.521,0.308534
C5,210.A,C,79.707,79.872,95.221,0.186544
C6,210.A,C,79.159,79.743,94.007,0.363819
H5',210.A,C,80.41,80.389,89.968,nan
H5'',210.A,C,80.295,79.029,90.795,nan
H4',210.A,C,77.889,79.731,89.698,nan
H3',210.A,C,78.987,81.615,91.509,nan
H1',210.A,C,76.35,79.39,92.542,nan
H2',210.A,C,76.912,81.934,92.435,nan
HO2',210.A,C,76.031,81.488,90.073,nan
H42,210.A,C,80.297,80.251,97.693,nan
H41,210.A,C,78.761,80.71,98.252,nan
H5,210.A,C,80.658,79.691,95.37,nan
H6,210.A,C,79.728,79.462,93.259,nan
P,211.A,A,78.468,83.817,90.092,0.186182
OP2,211.A,A,79.748,83.895,90.84,0.218487
OP1,211.A,A,78.336,84.515,88.789,0.311445
O5',211.A,A,77.305,84.338,91.051,0.053055
C5',211.A,A,75.983,84.513,90.562,0.455179
C4',211.A,A,75.047,84.976,91.651,0.541795
O4',211.A,A,75.017,83.998,92.722,0.294965
C3',211.A,A,75.426,86.275,92.347,-0.125327
O3',211.A,A,75.068,87.427,91.601,0.402502
C1',211.A,A,74.862,84.671,93.989,0.360658
C2',211.A,A,74.7,86.161,93.68,-0.355154
O2',211.A,A,73.318,86.456,93.542,0.429672
N1,211.A,A,76.676,84.926,98.805,0.074491
C2,211.A,A,75.498,85.269,98.268,0.112971
N3,211.A,A,75.092,85.176,97.002,0.360987
C4,211.A,A,76.062,84.655,96.229,0.001898
C5,211.A,A,77.32,84.255,96.637,-0.006047
C6,211.A,A,77.627,84.404,98.001,0.065003
N6,211.A,A,78.801,84.063,98.538,0.228039
N7,211.A,A,78.051,83.764,95.563,0.148241
C8,211.A,A,77.231,83.878,94.548,0.507322
N9,211.A,A,76.009,84.408,94.878,0.080924
H5',211.A,A,75.659,83.661,90.203,nan
H5'',211.A,A,75.992,85.18,89.844,nan
H4',211.A,A,74.146,85.067,91.277,nan
H3',211.A,A,76.393,86.284,92.508,nan
H1',211.A,A,74.041,84.334,94.406,nan
H2',211.A,A,75.123,86.718,94.37,nan
HO2',211.A,A,73.182,86.968,92.717,nan
H2,211.A,A,74.842,85.642,98.893,nan
H61,211.A,A,78.956,84.19,99.496,nan
H62,211.A,A,79.506,83.683,97.974,nan
H8,211.A,A,77.468,83.608,93.635,nan
P,212.A,C,75.908,88.787,91.765,0.132675
OP2,212.A,C,77.352,88.442,91.764,0.089896
OP1,212.A,C,75.387,89.77,90.781,0.332265
O5',212.A,C,75.525,89.304,93.223,-0.051958
C5',212.A,C,74.217,89.771,93.512,0.542785
C4',212.A,C,74.048,90.085,94.979,0.430056
O4',212.A,C,74.281,88.891,95.77,0.451855
C3',212.A,C,75.014,91.107,95.562,0.229725
O3',212.A,C,74.646,92.445,95.269,0.350496
C1',212.A,C,74.906,89.251,97.02,0.544038
C2',212.A,C,74.988,90.779,97.048,0.18081
O2',212.A,C,73.82,91.292,97.669,0.507945
N1,212.A,C,76.238,88.614,97.161,0.265391
C2,212.A,C,76.813,88.547,98.436,-0.03866
O2,212.A,C,76.198,89.022,99.403,0.213578
N3,212.A,C,78.027,87.97,98.592,-0.070702
C4,212.A,C,78.668,87.468,97.536,-0.001357
N4,212.A,C,79.863,86.907,97.736,0.164974
C5,212.A,C,78.11,87.52,96.226,0.297623
C6,212.A,C,76.91,88.091,96.085,0.54594
H5',212.A,C,73.569,89.083,93.257,nan
H5'',212.A,C,74.045,90.583,92.99,nan
H4',212.A,C,73.13,90.393,95.132,nan
H3',212.A,C,75.912,90.935,95.21,nan
H1',212.A,C,74.322,88.944,97.745,nan
H2',212.A,C,75.803,91.086,97.497,nan
HO2',212.A,C,73.869,91.122,98.633,nan
H42,212.A,C,80.36,86.53,96.981,nan
H41,212.A,C,80.244,86.875,98.64,nan
H5,212.A,C,78.589,87.147,95.456,nan
H6,212.A,C,76.509,88.137,95.192,nan
P,213.A,G,75.751,93.602,95.332,0.163211
OP2,213.A,G,76.979,92.858,95.709,0.032167
OP1,213.A,G,75.721,94.376,94.065,0.272149
O5',213.A,G,75.392,94.597,96.524,0.311203
C5',213.A,G,74.303,94.329,97.395,0.343248
C4',213.A,G,74.679,94.552,98.839,0.682702
O4',213.A,G,75.695,93.595,99.236,0.490008
C3',213.A,G,75.296,95.903,99.167,0.570428
O3',213.A,G,74.332,96.932,99.313,0.354468
C1',213.A,G,76.609,94.207,100.156,0.622043
C2',213.A,G,76.078,95.612,100.44,0.534758
O2',213.A,G,75.221,95.562,101.571,0.401888
N1,213.A,G,81.545,95.002,101.115,-0.061732
C2,213.A,G,80.467,95.081,101.962,0.100591
N2,213.A,G,80.731,95.415,103.235,-0.106522
N3,213.A,G,79.218,94.848,101.592,-0.238755
C4,213.A,G,79.131,94.526,100.283,0.118931
C5,213.A,G,80.144,94.42,99.354,0.040847
C6,213.A,G,81.478,94.671,99.766,0.114129
O6,213.A,G,82.514,94.628,99.091,0.001359
N7,213.A,G,79.637,94.064,98.112,0.2429
C8,213.A,G,78.35,93.964,98.305,0.068386
N9,213.A,G,77.975,94.23,99.6,0.124506
H5',213.A,G,74.022,93.398,97.278,nan
H5'',213.A,G,73.556,94.92,97.164,nan
H4',213.A,G,73.884,94.422,99.398,nan
H3',213.A,G,75.923,96.152,98.454,nan
H1',213.A,G,76.603,93.682,100.985,nan
H2',213.A,G,76.81,96.252,100.567,nan
HO2',213.A,G,75.035,94.625,101.787,nan
H1,213.A,G,82.431,95.192,101.489,nan
H22,213.A,G,80.0,95.487,103.884,nan
H21,213.A,G,81.653,95.589,103.516,nan
H8,213.A,G,77.717,93.722,97.597,nan
P,214.A,G,74.691,98.442,98.894,0.290732
OP2,214.A,G,75.76,98.928,99.803,0.28912
OP1,214.A,G,74.908,98.473,97.425,0.35832
O5',214.A,G,73.361,99.258,99.214,0.531396
C5',214.A,G,72.237,98.62,99.8,0.437182
C4',214.A,G,72.03,99.062,101.227,0.478832
O4',214.A,G,72.826,98.238,102.119,0.179918
C3',214.A,G,72.461,100.483,101.554,-0.273092
O3',214.A,G,71.503,101.454,101.172,0.371678
C1',214.A,G,73.307,99.026,103.212,0.366128
C2',214.A,G,72.7,100.422,103.058,-0.181684
O2',214.A,G,71.475,100.474,103.776,0.231731
N1,214.A,G,77.501,100.227,105.838,0.397535
C2,214.A,G,76.178,100.349,106.195,0.182479
N2,214.A,G,75.938,100.857,107.413,0.361906
N3,214.A,G,75.169,99.998,105.418,0.506303
C4,214.A,G,75.587,99.509,104.233,0.50498
C5,214.A,G,76.88,99.345,103.778,0.309158
C6,214.A,G,77.955,99.726,104.623,0.394178
O6,214.A,G,79.169,99.658,104.399,0.308413
N7,214.A,G,76.888,98.805,102.501,0.36835
C8,214.A,G,75.624,98.654,102.205,0.256836
N9,214.A,G,74.782,99.059,103.213,0.532713
H5',214.A,G,72.375,97.65,99.784,nan
H5'',214.A,G,71.437,98.838,99.278,nan
H4',214.A,G,71.083,98.955,101.46,nan
H3',214.A,G,73.309,100.674,101.104,nan
H1',214.A,G,72.989,98.623,104.045,nan
H2',214.A,G,73.324,101.119,103.352,nan
HO2',214.A,G,70.782,100.852,103.196,nan
H1,214.A,G,78.176,100.515,106.486,nan
H22,214.A,G,75.013,100.967,107.723,nan
H21,214.A,G,76.681,101.119,107.994,nan
H8,214.A,G,75.31,98.288,101.353,nan
P,215.A,U,71.976,102.926,100.732,0.103335
OP2,215.A,U,73.057,102.779,99.725,0.062008
OP1,215.A,U,70.766,103.719,100.399,0.322677
O5',215.A,U,72.616,103.537,102.056,-0.283516
C5',215.A,U,71.799,103.906,103.158,0.336432
C4',215.A,U,72.625,104.358,104.336,0.325896
O4',215.A,U,73.508,103.287,104.762,0.17275
C3',215.A,U,73.562,105.53,104.091,-0.122637
O3',215.A,U,72.904,106.785,104.141,0.265289
C1',215.A,U,74.759,103.825,105.207,0.252122
C2',215.A,U,74.617,105.348,105.173,-0.336063
O2',215.A,U,74.14,105.794,106.434,0.22892
N1,215.A,U,75.873,103.345,104.354,0.214173
C2,215.A,U,77.154,103.485,104.855,0.400059
O2,215.A,U,77.394,103.974,105.946,0.396538
N3,215.A,U,78.154,103.026,104.033,0.071622
C4,215.A,U,78.01,102.458,102.786,0.099727
O4,215.A,U,79.011,102.093,102.166,0.204215
C5,215.A,U,76.656,102.345,102.332,0.24007
C6,215.A,U,75.663,102.783,103.113,0.41041
H5',215.A,U,71.257,103.136,103.425,nan
H5'',215.A,U,71.207,104.636,102.886,nan
H4',215.A,U,72.023,104.583,105.077,nan
H3',215.A,U,73.985,105.425,103.211,nan
H1',215.A,U,74.909,103.533,106.13,nan
H2',215.A,U,75.461,105.781,104.93,nan
HO2',215.A,U,73.385,106.403,106.294,nan
H3,215.A,U,79.07,103.116,104.368,nan
H5,215.A,U,76.461,101.951,101.456,nan
H6,215.A,U,74.747,102.696,102.781,nan
P,216.A,C,73.516,108.051,103.361,0.01695
OP2,216.A,C,74.032,107.58,102.052,-0.100473
OP1,216.A,C,72.511,109.144,103.404,0.11668
O5',216.A,C,74.76,108.491,104.254,-0.360571
C5',216.A,C,74.568,109.109,105.518,0.430251
C4',216.A,C,75.881,109.364,106.218,0.526945
O4',216.A,C,76.577,108.109,106.435,0.20123
C3',216.A,C,76.888,110.22,105.462,-0.10921
O3',216.A,C,76.615,111.607,105.556,0.561405
C1',216.A,C,77.996,108.312,106.309,0.321899
C2',216.A,C,78.21,109.811,106.095,-0.306973
O2',216.A,C,78.392,110.436,107.358,0.389145
N1,216.A,C,78.558,107.5,105.199,0.297842
C2,216.A,C,79.935,107.248,105.191,0.257048
O2,216.A,C,80.642,107.707,106.101,0.444864
N3,216.A,C,80.47,106.509,104.192,0.181286
C4,216.A,C,79.69,106.028,103.224,0.123847
N4,216.A,C,80.262,105.306,102.258,0.274824
C5,216.A,C,78.286,106.267,103.206,0.402471
C6,216.A,C,77.767,106.997,104.199,0.383757
H5',216.A,C,74.016,108.524,106.078,nan
H5'',216.A,C,74.103,109.961,105.388,nan
H4',216.A,C,75.7,109.781,107.086,nan
H3',216.A,C,76.889,109.955,104.519,nan
H1',216.A,C,78.414,108.04,107.153,nan
H2',216.A,C,78.966,109.983,105.495,nan
HO2',216.A,C,79.328,110.711,107.447,nan
H42,216.A,C,79.715,104.937,101.533,nan
H41,216.A,C,81.229,105.144,102.275,nan
H5,216.A,C,77.721,105.908,102.489,nan
H6,216.A,C,76.804,107.173,104.203,nan
P,217.A,A,77.141,112.612,104.417,0.177949
OP2,217.A,A,76.886,111.983,103.095,0.058463
OP1,217.A,A,76.594,113.961,104.704,0.400083
O5',217.A,A,78.717,112.66,104.642,-0.096217
C5',217.A,A,79.27,113.248,105.81,0.441033
C4',217.A,A,80.758,113.019,105.895,0.46959
O4',217.A,A,81.034,111.596,105.936,0.070454
C3',217.A,A,81.581,113.523,104.719,-0.272902
O3',217.A,A,81.815,114.92,104.764,0.469933
C1',217.A,A,82.286,111.331,105.254,0.178235
C2',217.A,A,82.848,112.686,104.817,-0.287342
O2',217.A,A,83.712,113.178,105.831,0.297721
N1,217.A,A,84.591,108.16,101.911,0.578789
C2,217.A,A,85.066,108.915,102.911,0.53096
N3,217.A,A,84.41,109.719,103.743,0.511426
C4,217.A,A,83.091,109.71,103.47,0.267545
C5,217.A,A,82.456,108.988,102.477,0.384443
C6,217.A,A,83.263,108.173,101.666,0.255077
N6,217.A,A,82.791,107.421,100.669,0.269424
N7,217.A,A,81.089,109.228,102.497,0.466412
C8,217.A,A,80.931,110.077,103.482,0.343332
N9,217.A,A,82.102,110.413,104.116,0.239329
H5',217.A,A,78.839,112.856,106.598,nan
H5'',217.A,A,79.095,114.212,105.795,nan
H4',217.A,A,81.095,113.433,106.717,nan
H3',217.A,A,81.114,113.303,103.884,nan
H1',217.A,A,82.892,110.925,105.909,nan
H2',217.A,A,83.305,112.622,103.951,nan
HO2',217.A,A,84.55,112.671,105.809,nan
H2,217.A,A,86.037,108.87,103.048,nan
H61,217.A,A,83.404,106.873,100.136,nan
H62,217.A,A,81.831,107.415,100.473,nan
H8,217.A,A,80.059,110.44,103.742,nan
P,218.A,C,82.058,115.745,103.407,0.067492
OP2,218.A,C,81.047,115.302,102.413,-0.243848
OP1,218.A,C,82.162,117.184,103.755,0.095971
O5',218.A,C,83.488,115.253,102.907,-0.250745
C5',218.A,C,84.666,115.579,103.633,0.261007
C4',218.A,C,85.88,114.885,103.065,0.451045
O4',218.A,C,85.697,113.445,103.12,0.003833
C3',218.A,C,86.186,115.162,101.601,-0.277531
O3',218.A,C,86.838,116.404,101.396,0.434553
C1',218.A,C,86.337,112.834,101.979,0.137781
C2',218.A,C,87.03,113.957,101.205,-0.282432
O2',218.A,C,88.363,114.086,101.672,0.216351
N1,218.A,C,85.357,112.096,101.144,0.024064
C2,218.A,C,85.838,111.145,100.235,-0.040517
O2,218.A,C,87.062,110.951,100.154,0.177956
N3,218.A,C,84.966,110.459,99.463,-0.09986
C4,218.A,C,83.656,110.688,99.571,-0.007064
N4,218.A,C,82.832,109.986,98.788,0.072716
C5,218.A,C,83.136,111.646,100.484,-0.017628
C6,218.A,C,84.008,112.318,101.243,0.241801
H5',218.A,C,84.55,115.307,104.566,nan
H5'',218.A,C,84.804,116.55,103.595,nan
H4',218.A,C,86.662,115.127,103.605,nan
H3',218.A,C,85.35,115.151,101.09,nan
H1',218.A,C,87.012,112.208,102.317,nan
H2',218.A,C,86.997,113.798,100.237,nan
HO2',218.A,C,88.977,113.76,100.98,nan
H42,218.A,C,81.864,110.13,98.842,nan
H41,218.A,C,83.195,109.327,98.159,nan
H5,218.A,C,82.171,111.807,100.555,nan
H6,218.A,C,83.67,112.983,101.879,nan
P,219.A,A,86.693,117.171,99.991,0.081225
OP2,219.A,A,85.331,116.909,99.462,-0.198388
OP1,219.A,A,87.15,118.571,100.181,0.117272
O5',219.A,A,87.74,116.436,99.041,-0.30985
C5',219.A,A,89.127,116.441,99.343,0.277436
C4',219.A,A,89.884,115.455,98.489,0.302625
O4',219.A,A,89.419,114.104,98.75,0.091679
C3',219.A,A,89.721,115.613,96.985,-0.293199
O3',219.A,A,90.521,116.651,96.446,0.280918
C1',219.A,A,89.457,113.342,97.546,0.206693
C2',219.A,A,90.087,114.229,96.472,-0.298683
O2',219.A,A,91.494,114.035,96.474,0.284002
N1,219.A,A,86.566,110.108,94.764,-0.093872
C2,219.A,A,87.892,110.253,94.886,0.160191
N3,219.A,A,88.579,111.117,95.63,0.459852
C4,219.A,A,87.746,111.917,96.32,0.100038
C5,219.A,A,86.364,111.889,96.299,-0.05786
C6,219.A,A,85.758,110.926,95.472,0.21341
N6,219.A,A,84.437,110.782,95.35,0.152941
N7,219.A,A,85.841,112.862,97.14,-0.123759
C8,219.A,A,86.901,113.446,97.642,0.187021
N9,219.A,A,88.088,112.925,97.189,0.168776
H5',219.A,A,89.25,116.206,100.287,nan
H5'',219.A,A,89.486,117.339,99.188,nan
H4',219.A,A,90.837,115.508,98.711,nan
H3',219.A,A,88.779,115.793,96.78,nan
H1',219.A,A,90.016,112.548,97.682,nan
H2',219.A,A,89.698,114.059,95.588,nan
HO2',219.A,A,91.934,114.89,96.285,nan
H2,219.A,A,88.433,109.635,94.351,nan
H61,219.A,A,84.072,110.092,94.757,nan
H62,219.A,A,83.831,111.364,95.854,nan
H8,219.A,A,86.851,114.188,98.281,nan
P,220.A,A,89.99,117.516,95.2,-0.019086
OP2,220.A,A,88.52,117.668,95.338,-0.227576
OP1,220.A,A,90.845,118.723,95.079,-0.022688
O5',220.A,A,90.271,116.584,93.938,-0.318625
C5',220.A,A,91.593,116.383,93.46,0.273424
C4',220.A,A,91.64,115.323,92.389,0.247838
O4',220.A,A,91.103,114.094,92.941,0.051154
C3',220.A,A,90.761,115.565,91.171,-0.489455
O3',220.A,A,91.362,116.421,90.215,0.218903
C1',220.A,A,90.462,113.367,91.921,0.187527
C2',220.A,A,90.606,114.158,90.623,-0.353088
O2',220.A,A,91.78,113.738,89.942,0.104292
N1,220.A,A,86.136,110.746,90.935,-0.040433
C2,220.A,A,87.356,110.71,90.383,0.085869
N3,220.A,A,88.438,111.422,90.689,0.300477
C4,220.A,A,88.181,112.267,91.703,-0.004676
C5,220.A,A,86.979,112.418,92.371,0.017584
C6,220.A,A,85.911,111.605,91.952,0.033039
N6,220.A,A,84.695,111.641,92.501,0.010905
N7,220.A,A,87.087,113.384,93.362,-0.163732
C8,220.A,A,88.33,113.789,93.272,0.200507
N9,220.A,A,89.049,113.155,92.289,0.12274
H5',220.A,A,92.165,116.108,94.207,nan
H5'',220.A,A,91.932,117.225,93.092,nan
H4',220.A,A,92.572,115.184,92.12,nan
H3',220.A,A,89.888,115.899,91.466,nan
H1',220.A,A,90.908,112.498,91.824,nan
H2',220.A,A,89.81,114.08,90.057,nan
HO2',220.A,A,91.624,112.851,89.558,nan
H2,220.A,A,87.467,110.07,89.65,nan
H61,220.A,A,83.988,111.049,92.166,nan
H62,220.A,A,84.508,112.256,93.24,nan
H8,220.A,A,88.71,114.481,93.853,nan
P,221.A,U,90.542,117.67,89.64,0.090975
OP2,221.A,U,89.754,118.11,90.819,-0.050682
OP1,221.A,U,91.487,118.616,88.995,0.113999
O5',221.A,U,89.522,117.156,88.529,-0.21461
C5',221.A,U,89.983,116.745,87.251,0.273749
C4',221.A,U,89.225,115.54,86.748,0.398664
O4',221.A,U,89.059,114.576,87.82,0.33151
C3',221.A,U,87.809,115.796,86.255,-0.30932
O3',221.A,U,87.763,116.288,84.927,0.417973
C1',221.A,U,87.783,113.951,87.732,0.123476
C2',221.A,U,87.148,114.436,86.428,-0.364937
O2',221.A,U,87.512,113.55,85.379,0.27587
N1,221.A,U,86.957,114.281,88.917,0.031567
C2,221.A,U,85.842,113.497,89.149,0.041877
O2,221.A,U,85.522,112.565,88.431,0.123137
N3,221.A,U,85.108,113.841,90.258,-0.188547
C4,221.A,U,85.367,114.866,91.141,0.126251
O4,221.A,U,84.608,115.049,92.094,-0.026458
C5,221.A,U,86.535,115.635,90.84,0.113379
C6,221.A,U,87.269,115.322,89.767,0.1718
H5',221.A,U,90.935,116.521,87.312,nan
H5'',221.A,U,89.866,117.483,86.617,nan
H4',221.A,U,89.74,115.123,86.026,nan
H3',221.A,U,87.374,116.442,86.853,nan
H1',221.A,U,87.912,112.98,87.689,nan
H2',221.A,U,86.174,114.517,86.512,nan
HO2',221.A,U,87.838,114.074,84.617,nan
H3,221.A,U,84.314,113.297,90.439,nan
H5,221.A,U,86.796,116.384,91.416,nan
H6,221.A,U,88.064,115.863,89.582,nan
P,222.A,A,86.514,117.17,84.433,0.082582
OP2,222.A,A,86.115,118.065,85.547,0.016699
OP1,222.A,A,86.856,117.75,83.111,0.289346
O5',222.A,A,85.35,116.102,84.218,-0.241232
C5',222.A,A,85.369,115.218,83.107,0.317002
C4',222.A,A,84.202,114.264,83.14,0.419347
O4',222.A,A,84.227,113.498,84.373,0.01751
C3',222.A,A,82.82,114.9,83.126,-0.362943
O3',222.A,A,82.401,115.286,81.828,0.332445
C1',222.A,A,82.884,113.261,84.827,0.085554
C2',222.A,A,81.95,113.817,83.752,-0.404841
O2',222.A,A,81.656,112.789,82.817,0.275627
N1,222.A,A,79.833,113.441,88.975,-0.115768
C2,222.A,A,79.78,112.717,87.851,0.172442
N3,222.A,A,80.609,112.721,86.809,0.415244
C4,222.A,A,81.607,113.602,86.999,0.091024
C5,222.A,A,81.794,114.416,88.1,0.047846
C6,222.A,A,80.847,114.316,89.134,0.142412
N6,222.A,A,80.898,115.039,90.256,0.2252
N7,222.A,A,82.932,115.194,87.946,0.045692
C8,222.A,A,83.399,114.84,86.774,0.363113
N9,222.A,A,82.646,113.88,86.144,0.15306
H5',222.A,A,86.203,114.704,83.122,nan
H5'',222.A,A,85.331,115.741,82.28,nan
H4',222.A,A,84.274,113.648,82.381,nan
H3',222.A,A,82.822,115.687,83.712,nan
H1',222.A,A,82.76,112.291,84.896,nan
H2',222.A,A,81.134,114.194,84.145,nan
HO2',222.A,A,81.036,112.152,83.23,nan
H2,222.A,A,79.024,112.097,87.784,nan
H61,222.A,A,80.208,114.927,90.944,nan
H62,222.A,A,81.626,115.681,90.395,nan
H8,222.A,A,84.212,115.226,86.382,nan
P,223.A,U,81.423,116.548,81.638,-0.000812
OP2,223.A,U,81.956,117.669,82.452,-0.176195
OP1,223.A,U,81.198,116.74,80.183,0.189501
O5',223.A,U,80.05,116.073,82.29,-0.256257
C5',223.A,U,79.298,115.014,81.718,0.321387
C4',223.A,U,78.151,114.601,82.607,0.358993
O4',223.A,U,78.657,114.136,83.885,0.035351
C3',223.A,U,77.161,115.696,82.977,-0.067166
O3',223.A,U,76.215,115.958,81.954,0.427198
C1',223.A,U,77.751,114.512,84.935,-0.147238
C2',223.A,U,76.542,115.164,84.261,-0.236504
O2',223.A,U,75.571,114.164,83.989,0.176498
N1,223.A,U,78.411,115.42,85.903,-0.001667
C2,223.A,U,77.809,115.57,87.14,-0.017523
O2,223.A,U,76.778,114.996,87.452,0.179532
N3,223.A,U,78.456,116.417,88.004,-0.077201
C4,223.A,U,79.618,117.119,87.767,0.10287
O4,223.A,U,80.078,117.846,88.65,0.090504
C5,223.A,U,80.186,116.914,86.469,0.142023
C6,223.A,U,79.578,116.093,85.608,0.252317
H5',223.A,U,79.887,114.243,81.579,nan
H5'',223.A,U,78.942,115.305,80.852,nan
H4',223.A,U,77.663,113.868,82.174,nan
H3',223.A,U,77.654,116.52,83.176,nan
H1',223.A,U,77.464,113.696,85.398,nan
H2',223.A,U,76.173,115.888,84.811,nan
HO2',223.A,U,75.276,114.249,83.059,nan
H3,223.A,U,78.045,116.539,88.885,nan
H5,223.A,U,81.014,117.372,86.215,nan
H6,223.A,U,79.984,115.97,84.725,nan
P,224.A,A,75.281,117.263,82.029,0.030633
OP2,224.A,A,75.86,118.185,83.038,-0.184322
OP1,224.A,A,75.048,117.743,80.644,0.343292
O5',224.A,A,73.898,116.715,82.6,-0.262288
C5',224.A,A,73.068,115.871,81.815,0.234794
C4',224.A,A,71.7,115.712,82.43,0.303382
O4',224.A,A,71.801,114.848,83.596,-0.2041
C3',224.A,A,71.055,116.984,82.961,-0.483068
O3',224.A,A,70.439,117.758,81.947,0.292004
C1',224.A,A,70.809,115.244,84.523,0.274625
C2',224.A,A,70.033,116.426,83.94,-0.089331
O2',224.A,A,68.882,115.942,83.263,0.266295
N1,224.A,A,69.997,116.431,89.472,0.191119
C2,224.A,A,69.16,116.167,88.46,0.167644
N3,224.A,A,69.44,115.865,87.194,0.240033
C4,224.A,A,70.769,115.845,86.993,0.102609
C5,224.A,A,71.753,116.093,87.932,-0.049916
C6,224.A,A,71.327,116.401,89.236,0.08401
N6,224.A,A,72.16,116.664,90.245,-0.056972
N7,224.A,A,73.014,115.981,87.363,-0.392081
C8,224.A,A,72.769,115.672,86.113,-0.063303
N9,224.A,A,71.431,115.573,85.82,0.073405
H5',224.A,A,73.489,114.989,81.74,nan
H5'',224.A,A,72.974,116.258,80.92,nan
H4',224.A,A,71.103,115.3,81.771,nan
H3',224.A,A,71.727,117.504,83.451,nan
H1',224.A,A,70.204,114.481,84.635,nan
H2',224.A,A,69.801,117.083,84.63,nan
HO2',224.A,A,68.249,115.592,83.923,nan
H2,224.A,A,68.206,116.202,88.683,nan
H61,224.A,A,71.803,116.872,91.134,nan
H62,224.A,A,73.129,116.648,90.098,nan
H8,224.A,A,73.475,115.525,85.449,nan
P,225.A,C,70.565,119.354,81.982,-0.14553
OP2,225.A,C,72.033,119.564,81.929,-0.248009
OP1,225.A,C,69.701,119.935,80.923,0.090367
O5',225.A,C,70.041,119.885,83.39,-0.272326
C5',225.A,C,68.652,119.95,83.674,0.353823
C4',225.A,C,68.393,120.168,85.145,0.387357
O4',225.A,C,68.992,119.094,85.919,0.192671
C3',225.A,C,68.986,121.431,85.75,-0.195436
O3',225.A,C,68.201,122.587,85.5,0.229285
C1',225.A,C,69.502,119.603,87.155,0.267393
C2',225.A,C,69.093,121.075,87.226,-0.321884
O2',225.A,C,67.834,121.173,87.874,0.295395
N1,225.A,C,70.974,119.423,87.226,0.226099
C2,225.A,C,71.598,119.542,88.474,0.136385
O2,225.A,C,70.91,119.795,89.473,0.289594
N3,225.A,C,72.938,119.382,88.567,0.047947
C4,225.A,C,73.655,119.112,87.476,0.140025
N4,225.A,C,74.975,118.962,87.616,0.14107
C5,225.A,C,73.051,118.984,86.194,0.309781
C6,225.A,C,71.725,119.143,86.115,0.377245
H5',225.A,C,68.23,119.109,83.397,nan
H5'',225.A,C,68.255,120.688,83.168,nan
H4',225.A,C,67.425,120.166,85.299,nan
H3',225.A,C,69.885,121.57,85.387,nan
H1',225.A,C,69.08,119.111,87.889,nan
H2',225.A,C,69.777,121.614,87.678,nan
HO2',225.A,C,67.242,121.741,87.337,nan
H42,225.A,C,75.531,118.762,86.832,nan
H41,225.A,C,75.388,119.051,88.5,nan
H5,225.A,C,73.587,118.784,85.398,nan
H6,225.A,C,71.29,119.06,85.241,nan
P,226.A,C,68.881,124.043,85.506,0.128128
OP2,226.A,C,70.113,123.978,84.68,0.005954
OP1,226.A,C,67.831,125.041,85.179,0.120673
O5',226.A,C,69.313,124.261,87.022,-0.336281
C5',226.A,C,68.351,124.578,88.018,0.428662
C4',226.A,C,68.99,124.766,89.371,0.402314
O4',226.A,C,69.69,123.554,89.76,0.168343
C3',226.A,C,70.051,125.85,89.468,-0.139843
O3',226.A,C,69.502,127.152,89.585,0.377329
C1',226.A,C,70.87,123.897,90.517,0.250585
C2',226.A,C,70.86,125.419,90.683,-0.133541
O2',226.A,C,70.19,125.746,91.892,0.317218
N1,226.A,C,72.098,123.413,89.841,0.048396
C2,226.A,C,73.282,123.343,90.584,-0.023996
O2,226.A,C,73.271,123.686,91.776,0.184356
N3,226.A,C,74.417,122.905,89.991,-0.157714
C4,226.A,C,74.402,122.541,88.708,-0.017046
N4,226.A,C,75.545,122.114,88.165,-0.070571
C5,226.A,C,73.215,122.602,87.925,0.104022
C6,226.A,C,72.098,123.036,88.523,0.350185
H5',226.A,C,67.695,123.852,88.07,nan
H5'',226.A,C,67.892,125.406,87.764,nan
H4',226.A,C,68.287,124.95,90.03,nan
H3',226.A,C,70.623,125.814,88.672,nan
H1',226.A,C,70.795,123.474,91.398,nan
H2',226.A,C,71.768,125.786,90.66,nan
HO2',226.A,C,69.527,126.445,91.71,nan
H42,226.A,C,75.567,121.84,87.225,nan
H41,226.A,C,76.361,122.075,88.707,nan
H5,226.A,C,73.214,122.333,86.983,nan
H6,226.A,C,71.272,123.085,88.001,nan
P,227.A,G,70.349,128.432,89.104,0.093422
OP2,227.A,G,70.979,128.104,87.8,-0.11744
OP1,227.A,G,69.477,129.63,89.218,0.099685
O5',227.A,G,71.507,128.56,90.192,-0.154945
C5',227.A,G,71.208,128.903,91.537,0.047422
C4',227.A,G,72.432,128.825,92.414,0.297803
O4',227.A,G,72.959,127.472,92.403,-0.160192
C3',227.A,G,73.612,129.686,91.99,-0.227618
O3',227.A,G,73.468,131.046,92.363,-0.181359
C1',227.A,G,74.401,127.519,92.506,-0.199728
C2',227.A,G,74.789,128.99,92.661,-0.127101
O2',227.A,G,74.855,129.307,94.044,0.025904
N1,227.A,G,78.718,125.666,90.544,-0.222828
C2,227.A,G,78.485,126.213,91.782,-0.109291
N2,227.A,G,79.536,126.277,92.612,0.095638
N3,227.A,G,77.306,126.664,92.181,0.300527
C4,227.A,G,76.363,126.523,91.226,-0.044729
C5,227.A,G,76.492,125.991,89.961,-0.035905
C6,227.A,G,77.761,125.511,89.546,-0.020379
O6,227.A,G,78.077,125.005,88.464,0.016408
N7,227.A,G,75.28,126.028,89.285,0.005379
C8,227.A,G,74.452,126.571,90.136,0.13982
N9,227.A,G,75.043,126.896,91.333,0.001233
H5',227.A,G,70.527,128.286,91.882,nan
H5'',227.A,G,70.853,129.816,91.564,nan
H4',227.A,G,72.181,129.059,93.333,nan
H3',227.A,G,73.719,129.629,91.017,nan
H1',227.A,G,74.654,127.028,93.316,nan
H2',227.A,G,75.633,129.188,92.202,nan
HO2',227.A,G,75.793,129.436,94.297,nan
H1,227.A,G,79.628,125.36,90.347,nan
H22,227.A,G,79.43,126.658,93.51,nan
H21,227.A,G,80.413,125.945,92.325,nan
H8,227.A,G,73.506,126.729,89.94,nan
P,228.A,U,74.295,132.187,91.589,-0.440725
OP2,228.A,U,74.303,131.847,90.144,-0.399496
OP1,228.A,U,73.779,133.508,92.03,-0.655844
O5',228.A,U,75.78,132.027,92.142,-0.37103
C5',228.A,U,76.08,132.266,93.509,-0.24874
C4',228.A,U,77.487,131.845,93.852,0.063403
O4',228.A,U,77.657,130.457,93.498,-0.005039
C3',228.A,U,78.601,132.536,93.082,0.101273
O3',228.A,U,78.911,133.821,93.591,-0.066901
C1',228.A,U,78.993,130.243,93.1,-0.18208
C2',228.A,U,79.748,131.548,93.235,0.024688
O2',228.A,U,80.33,131.631,94.528,0.130391
N1,228.A,U,79.027,129.714,91.715,0.095803
C2,228.A,U,80.185,129.077,91.311,0.140232
O2,228.A,U,81.156,128.938,92.035,0.019888
N3,228.A,U,80.17,128.603,90.022,-0.15996
C4,228.A,U,79.139,128.699,89.112,-0.053563
O4,228.A,U,79.28,128.222,87.986,0.040165
C5,228.A,U,77.972,129.37,89.6,0.207303
C6,228.A,U,77.959,129.84,90.851,0.200088
H5',228.A,U,75.451,131.762,94.066,nan
H5'',228.A,U,75.979,133.222,93.696,nan
H4',228.A,U,77.623,131.952,94.816,nan
H3',228.A,U,78.35,132.598,92.137,nan
H1',228.A,U,79.382,129.581,93.71,nan
H2',228.A,U,80.417,131.662,92.529,nan
HO2',228.A,U,81.29,131.805,94.436,nan
H3,228.A,U,80.982,128.149,89.715,nan
H5,228.A,U,77.19,129.483,89.021,nan
H6,228.A,U,77.15,130.296,91.161,nan
P,229.A,U,79.546,134.942,92.629,-0.32522
OP2,229.A,U,78.966,134.765,91.274,-0.308931
OP1,229.A,U,79.428,136.255,93.312,-0.402348
O5',229.A,U,81.09,134.559,92.559,-0.31663
C5',229.A,U,81.892,134.543,93.73,0.017109
C4',229.A,U,83.127,133.697,93.549,0.175381
O4',229.A,U,82.759,132.352,93.152,-0.053181
C3',229.A,U,84.069,134.115,92.429,-0.023372
O3',229.A,U,84.89,135.215,92.779,-0.357456
C1',229.A,U,83.757,131.79,92.353,-0.105501
C2',229.A,U,84.872,132.828,92.266,0.095617
O2',229.A,U,85.774,132.644,93.348,0.16993
N1,229.A,U,83.169,131.484,91.026,0.140083
C2,229.A,U,83.753,130.464,90.297,-0.117937
O2,229.A,U,84.709,129.823,90.697,-0.18228
N3,229.A,U,83.175,130.216,89.077,-0.144446
C4,229.A,U,82.096,130.869,88.519,-0.076402
O4,229.A,U,81.693,130.528,87.406,0.071952
C5,229.A,U,81.544,131.911,89.329,0.362801
C6,229.A,U,82.086,132.173,90.523,0.326326
H5',229.A,U,81.365,134.183,94.473,nan
H5'',229.A,U,82.163,135.46,93.945,nan
H4',229.A,U,83.608,133.652,94.401,nan
H3',229.A,U,83.548,134.292,91.619,nan
H1',229.A,U,84.114,130.966,92.748,nan
H2',229.A,U,85.333,132.799,91.402,nan
HO2',229.A,U,86.301,131.833,93.19,nan
H3,229.A,U,83.573,129.497,88.543,nan
H5,229.A,U,80.774,132.428,89.011,nan
H6,229.A,U,81.691,132.892,91.057,nan
P,230.A,U,85.375,136.253,91.653,-0.501803
OP2,230.A,U,84.223,136.53,90.758,-0.333408
OP1,230.A,U,86.065,137.379,92.332,-0.158148
O5',230.A,U,86.461,135.438,90.82,-0.277065
C5',230.A,U,87.65,134.967,91.436,-0.272291
C4',230.A,U,88.353,133.943,90.58,-0.437385
O4',230.A,U,87.557,132.768,90.258,-0.112699
C3',230.A,U,88.723,134.387,89.173,0.382576
O3',230.A,U,89.751,135.361,89.151,-0.162594
C1',230.A,U,88.194,132.079,89.231,0.288537
C2',230.A,U,89.223,133.044,88.654,0.048055
O2',230.A,U,90.499,132.728,89.192,0.082335
N1,230.A,U,87.177,131.675,88.229,0.026818
C2,230.A,U,87.42,130.516,87.516,-0.067219
O2,230.A,U,88.415,129.831,87.678,-0.099603
N3,230.A,U,86.452,130.182,86.601,-0.012938
C4,230.A,U,85.29,130.872,86.33,0.167917
O4,230.A,U,84.516,130.441,85.473,0.046837
C5,230.A,U,85.106,132.061,87.105,0.324768
C6,230.A,U,86.032,132.409,88.004,0.262796
H5',230.A,U,87.423,134.559,92.298,nan
H5'',230.A,U,88.253,135.723,91.589,nan
H4',230.A,U,89.144,133.62,91.059,nan
H3',230.A,U,87.912,134.665,88.699,nan
H1',230.A,U,88.654,131.28,89.567,nan
H2',230.A,U,89.226,133.016,87.674,nan
HO2',230.A,U,90.945,132.086,88.6,nan
H3,230.A,U,86.604,129.363,86.085,nan
H5,230.A,U,84.306,132.614,86.979,nan
H6,230.A,U,85.883,133.227,88.521,nan
P,231.A,C,89.711,136.555,88.076,-0.002217
OP2,231.A,C,88.303,137.001,87.934,0.106215
OP1,231.A,C,90.76,137.54,88.445,0.154096
O5',231.A,C,90.149,135.86,86.711,-0.068239
C5',231.A,C,90.039,136.548,85.474,0.386172
C4',231.A,C,90.814,135.855,84.38,0.380236
O4',231.A,C,92.223,135.88,84.726,0.430007
C3',231.A,C,90.516,134.377,84.181,-0.020163
O3',231.A,C,89.373,134.148,83.375,0.570519
C1',231.A,C,92.844,134.72,84.227,0.453189
C2',231.A,C,91.786,133.895,83.495,0.155325
O2',231.A,C,91.791,134.242,82.118,0.495146
N1,231.A,C,93.454,133.979,85.359,0.106287
C2,231.A,C,94.363,132.954,85.069,0.210644
O2,231.A,C,94.63,132.697,83.885,0.2861
N3,231.A,C,94.933,132.263,86.083,0.185386
C4,231.A,C,94.63,132.559,87.347,0.29703
N4,231.A,C,95.217,131.85,88.315,0.329344
C5,231.A,C,93.709,133.594,87.674,0.03625
C6,231.A,C,93.152,134.271,86.663,0.155985
H5',231.A,C,90.384,137.458,85.583,nan
H5'',231.A,C,89.094,136.593,85.217,nan
H4',231.A,C,90.675,136.339,83.54,nan
H3',231.A,C,90.433,133.943,85.055,nan
H1',231.A,C,93.544,134.981,83.593,nan
H2',231.A,C,91.921,132.933,83.627,nan
HO2',231.A,C,92.62,133.917,81.71,nan
H42,231.A,C,95.015,132.043,89.254,nan
H41,231.A,C,95.85,131.138,88.085,nan
H5,231.A,C,93.492,133.804,88.607,nan
H6,231.A,C,92.516,134.987,86.868,nan
P,232.A,G,88.228,133.131,83.865,0.09173
OP2,232.A,G,87.983,133.378,85.309,0.065201
OP1,232.A,G,87.098,133.211,82.904,0.150951
O5',232.A,G,88.899,131.693,83.718,-0.277485
C5',232.A,G,89.314,131.209,82.449,-0.153108
C4',232.A,G,90.259,130.04,82.584,-0.048257
O4',232.A,G,91.482,130.458,83.231,-0.183491
C3',232.A,G,89.782,128.895,83.465,-0.634081
O3',232.A,G,88.824,128.068,82.826,-0.166604
C1',232.A,G,92.0,129.407,84.003,-0.276254
C2',232.A,G,91.085,128.2,83.791,-0.669578
O2',232.A,G,91.554,127.44,82.687,-0.323766
N1,232.A,G,93.793,128.421,88.665,0.196601
C2,232.A,G,93.989,127.736,87.49,0.031444
N2,232.A,G,94.765,126.644,87.559,0.161864
N3,232.A,G,93.465,128.095,86.33,-0.134192
C4,232.A,G,92.714,129.211,86.438,-0.048666
C5,232.A,G,92.455,129.969,87.561,0.048663
C6,232.A,G,93.023,129.572,88.8,-0.142642
O6,232.A,G,92.912,130.112,89.906,-0.051681
N7,232.A,G,91.634,131.044,87.252,0.031881
C8,232.A,G,91.413,130.923,85.971,0.009859
N9,232.A,G,92.038,129.834,85.415,-0.019783
H5',232.A,G,89.765,131.931,81.963,nan
H5'',232.A,G,88.525,130.926,81.941,nan
H4',232.A,G,90.476,129.704,81.689,nan
H3',232.A,G,89.392,129.262,84.285,nan
H1',232.A,G,92.907,129.185,83.705,nan
H2',232.A,G,91.007,127.653,84.601,nan
HO2',232.A,G,92.375,126.972,82.947,nan
H1,232.A,G,94.226,128.072,89.472,nan
H22,232.A,G,94.94,126.116,86.752,nan
H21,232.A,G,95.157,126.372,88.415,nan
H8,232.A,G,90.858,131.548,85.459,nan
P,233.A,U,87.699,127.334,83.703,-0.055018
OP2,233.A,U,86.968,128.474,84.31,0.097955
OP1,233.A,U,86.969,126.368,82.843,-0.011121
O5',233.A,U,88.401,126.517,84.876,0.256704
C5',233.A,U,87.648,125.66,85.721,0.025074
C4',233.A,U,87.164,126.38,86.955,0.475611
O4',233.A,U,86.16,127.364,86.581,0.366607
C3',233.A,U,86.477,125.522,88.006,-0.091818
O3',233.A,U,87.389,124.87,88.872,0.392944
C1',233.A,U,85.151,127.435,87.568,0.391331
C2',233.A,U,85.573,126.517,88.72,-0.206725
O2',233.A,U,86.299,127.28,89.673,0.140267
N1,233.A,U,83.864,127.019,86.96,-0.019224
C2,233.A,U,82.716,127.239,87.699,-0.083143
O2,233.A,U,82.725,127.75,88.805,-0.213548
N3,233.A,U,81.549,126.839,87.096,-0.089225
C4,233.A,U,81.412,126.253,85.856,-0.001827
O4,233.A,U,80.289,125.948,85.452,-0.034101
C5,233.A,U,82.641,126.056,85.148,-0.06664
C6,233.A,U,83.792,126.438,85.711,0.038151
H5',233.A,U,88.21,124.905,85.992,nan
H5'',233.A,U,86.874,125.322,85.225,nan
H4',233.A,U,87.919,126.845,87.371,nan
H3',233.A,U,85.923,124.849,87.557,nan
H1',233.A,U,85.071,128.354,87.9,nan
H2',233.A,U,84.799,126.073,89.125,nan
HO2',233.A,U,85.749,128.04,89.96,nan
H3,233.A,U,80.724,126.985,87.603,nan
H5,233.A,U,82.637,125.646,84.258,nan
H6,233.A,U,84.618,126.292,85.208,nan
P,234.A,C,87.86,123.364,88.566,0.150375
OP2,234.A,C,86.705,122.628,87.994,-0.164126
OP1,234.A,C,89.137,123.427,87.812,0.224113
O5',234.A,C,88.168,122.756,90.007,0.36012
C5',234.A,C,87.193,121.994,90.701,-0.128856
C4',234.A,C,86.477,122.821,91.741,0.504475
O4',234.A,C,85.94,124.024,91.133,0.443539
C3',234.A,C,85.272,122.17,92.402,-0.346013
O3',234.A,C,85.625,121.295,93.461,0.393614
C1',234.A,C,84.66,124.336,91.684,0.543349
C2',234.A,C,84.45,123.371,92.852,-0.274992
O2',234.A,C,84.987,123.951,94.032,0.409432
N1,234.A,C,83.61,124.197,90.643,0.063495
C2,234.A,C,82.36,124.787,90.876,0.025246
O2,234.A,C,82.169,125.401,91.937,0.231994
N3,234.A,C,81.386,124.675,89.944,0.096009
C4,234.A,C,81.618,124.01,88.812,-0.109906
N4,234.A,C,80.626,123.927,87.922,0.034403
C5,234.A,C,82.876,123.4,88.546,0.128342
C6,234.A,C,83.833,123.517,89.476,0.027268
H5',234.A,C,87.633,121.237,91.142,nan
H5'',234.A,C,86.538,121.653,90.058,nan
H4',234.A,C,87.12,123.076,92.437,nan
H3',234.A,C,84.766,121.669,91.727,nan
H1',234.A,C,84.664,125.257,92.019,nan
H2',234.A,C,83.503,123.139,92.959,nan
HO2',234.A,C,85.558,123.293,94.479,nan
H42,234.A,C,80.765,123.443,87.08,nan
H41,234.A,C,79.763,124.347,88.108,nan
H5,234.A,C,83.036,122.913,87.711,nan
H6,234.A,C,84.704,123.105,89.31,nan
P,235.A,G,84.72,120.005,93.779,0.002165
OP2,235.A,G,84.273,119.428,92.486,-0.087787
OP1,235.A,G,85.458,119.154,94.747,0.170479
O5',235.A,G,83.444,120.603,94.521,-0.219642
C5',235.A,G,83.552,121.17,95.817,0.395313
C4',235.A,G,82.265,121.827,96.245,0.492903
O4',235.A,G,81.92,122.886,95.315,0.300923
C3',235.A,G,81.032,120.935,96.261,-0.363405
O3',235.A,G,80.938,120.14,97.432,0.433018
C1',235.A,G,80.498,122.933,95.117,0.418947
C2',235.A,G,79.895,121.935,96.107,-0.210955
O2',235.A,G,79.629,122.604,97.331,0.344952
N1,235.A,G,76.833,122.849,91.586,0.180518
C2,235.A,G,76.774,123.254,92.897,0.023665
N2,235.A,G,75.585,123.697,93.331,0.234088
N3,235.A,G,77.806,123.229,93.726,0.276272
C4,235.A,G,78.921,122.756,93.129,0.205918
C5,235.A,G,79.085,122.327,91.829,0.06314
C6,235.A,G,77.97,122.359,90.951,-0.030342
O6,235.A,G,77.914,122.019,89.764,0.033824
N7,235.A,G,80.392,121.915,91.608,0.072758
C8,235.A,G,80.987,122.1,92.754,0.177825
N9,235.A,G,80.153,122.607,93.721,0.076285
H5',235.A,G,84.268,121.839,95.815,nan
H5'',235.A,G,83.778,120.462,96.458,nan
H4',235.A,G,82.386,122.214,97.138,nan
H3',235.A,G,81.051,120.348,95.476,nan
H1',235.A,G,80.182,123.835,95.332,nan
H2',235.A,G,79.09,121.512,95.743,nan
HO2',235.A,G,79.995,122.075,98.07,nan
H1,235.A,G,76.011,122.906,91.055,nan
H22,235.A,G,75.483,124.0,94.258,nan
H21,235.A,G,74.816,123.719,92.724,nan
H8,235.A,G,81.933,121.896,92.909,nan
P,236.A,G,80.21,118.709,97.38,-0.021679
OP2,236.A,G,80.615,118.033,96.121,-0.250907
OP1,236.A,G,80.434,118.031,98.682,0.196459
O5',236.A,G,78.66,119.067,97.27,-0.200857
C5',236.A,G,77.981,119.696,98.346,0.47144
C4',236.A,G,76.561,120.045,97.975,0.514349
O4',236.A,G,76.559,120.983,96.868,0.226535
C3',236.A,G,75.697,118.893,97.486,-0.331762
O3',236.A,G,75.164,118.111,98.543,0.453858
C1',236.A,G,75.457,120.707,95.992,0.398142
C2',236.A,G,74.635,119.602,96.656,-0.140505
O2',236.A,G,73.646,120.197,97.484,0.251223
N1,236.A,G,74.175,119.792,91.15,0.052893
C2,236.A,G,73.384,120.171,92.207,0.006075
N2,236.A,G,72.078,120.33,91.946,0.407043
N3,236.A,G,73.839,120.382,93.432,0.369927
C4,236.A,G,75.171,120.178,93.518,0.096325
C5,236.A,G,76.05,119.799,92.526,0.045543
C6,236.A,G,75.549,119.576,91.216,0.000132
O6,236.A,G,76.169,119.236,90.202,-0.004912
N7,236.A,G,77.341,119.699,93.023,-0.194083
C8,236.A,G,77.226,120.011,94.286,0.109669
N9,236.A,G,75.937,120.313,94.652,0.157758
H5',236.A,G,78.458,120.514,98.591,nan
H5'',236.A,G,77.971,119.089,99.116,nan
H4',236.A,G,76.125,120.463,98.747,nan
H3',236.A,G,76.23,118.317,96.899,nan
H1',236.A,G,74.913,121.519,95.918,nan
H2',236.A,G,74.238,119.001,95.991,nan
HO2',236.A,G,72.941,120.572,96.917,nan
H1,236.A,G,73.741,119.662,90.281,nan
H22,236.A,G,71.465,120.6,92.663,nan
H21,236.A,G,71.734,120.176,91.043,nan
H8,236.A,G,77.984,120.031,94.907,nan
P,237.A,G,75.672,116.608,98.753,-0.051694
OP2,237.A,G,77.066,116.744,98.257,-0.151061
OP1,237.A,G,75.429,116.128,100.138,-0.024747
O5',237.A,G,74.885,115.649,97.754,-0.37121
C5',237.A,G,73.51,115.355,97.958,0.308129
C4',237.A,G,72.901,114.693,96.746,0.502937
O4',237.A,G,72.755,115.662,95.677,0.220991
C3',237.A,G,73.713,113.569,96.12,-0.28408
O3',237.A,G,73.581,112.339,96.811,0.404853
C1',237.A,G,72.979,115.018,94.404,0.302265
C2',237.A,G,73.181,113.53,94.695,-0.304671
O2',237.A,G,71.923,112.873,94.631,0.212783
N1,237.A,G,75.627,115.346,90.069,0.202723
C2,237.A,G,74.493,114.624,90.347,-0.048049
N2,237.A,G,73.993,113.888,89.343,0.277096
N3,237.A,G,73.89,114.62,91.525,0.410565
C4,237.A,G,74.522,115.409,92.419,0.187904
C5,237.A,G,75.658,116.171,92.243,0.067876
C6,237.A,G,76.295,116.165,90.974,0.109109
O6,237.A,G,77.31,116.775,90.62,0.111143
N7,237.A,G,75.988,116.843,93.411,0.092368
C8,237.A,G,75.065,116.483,94.261,0.327381
N9,237.A,G,74.144,115.615,93.725,0.135668
H5',237.A,G,73.028,116.188,98.144,nan
H5'',237.A,G,73.423,114.756,98.729,nan
H4',237.A,G,72.015,114.348,96.987,nan
H3',237.A,G,74.659,113.828,96.103,nan
H1',237.A,G,72.181,115.135,93.847,nan
H2',237.A,G,73.831,113.13,94.079,nan
HO2',237.A,G,71.813,112.315,95.428,nan
H1,237.A,G,75.997,115.281,89.163,nan
H22,237.A,G,73.184,113.352,89.484,nan
H21,237.A,G,74.434,113.885,88.467,nan
H8,237.A,G,75.032,116.801,95.187,nan
P,238.A,U,74.829,111.33,96.908,0.129107
OP2,238.A,U,76.05,112.134,97.17,-0.035375
OP1,238.A,U,74.46,110.23,97.837,0.19757
O5',238.A,U,74.944,110.718,95.442,-0.25837
C5',238.A,U,73.934,109.867,94.924,0.388257
C4',238.A,U,74.168,109.543,93.47,0.46517
O4',238.A,U,74.118,110.76,92.679,0.33712
C3',238.A,U,75.52,108.935,93.127,-0.105567
O3',238.A,U,75.572,107.537,93.361,0.595147
C1',238.A,U,75.105,110.728,91.644,0.345455
C2',238.A,U,75.694,109.315,91.664,-0.354906
O2',238.A,U,74.918,108.48,90.817,0.386406
N1,238.A,U,76.133,111.77,91.872,0.15711
C2,238.A,U,76.974,112.069,90.813,0.087407
O2,238.A,U,76.899,111.519,89.729,0.292466
N3,238.A,U,77.909,113.041,91.07,0.101234
C4,238.A,U,78.092,113.73,92.25,0.019821
O4,238.A,U,78.981,114.579,92.324,0.186168
C5,238.A,U,77.187,113.37,93.299,0.277709
C6,238.A,U,76.265,112.427,93.077,0.349996
H5',238.A,U,73.064,110.309,95.017,nan
H5'',238.A,U,73.924,109.032,95.439,nan
H4',238.A,U,73.461,108.937,93.165,nan
H3',238.A,U,76.214,109.376,93.659,nan
H1',238.A,U,74.67,110.886,90.78,nan
H2',238.A,U,76.64,109.32,91.403,nan
HO2',238.A,U,74.696,107.657,91.3,nan
H3,238.A,U,78.515,113.267,90.335,nan
H5,238.A,U,77.243,113.811,94.173,nan
H6,238.A,U,75.658,112.198,93.811,nan
P,239.A,G,76.982,106.817,93.636,0.287029
OP2,239.A,G,77.782,107.696,94.527,0.119562
OP1,239.A,G,76.709,105.413,94.042,0.469403
O5',239.A,G,77.687,106.788,92.209,-0.017095
C5',239.A,G,77.147,106.018,91.144,0.48474
C4',239.A,G,77.998,106.115,89.902,0.574284
O4',239.A,G,78.002,107.482,89.415,0.311328
C3',239.A,G,79.474,105.781,90.076,-0.110462
O3',239.A,G,79.726,104.385,90.096,0.280788
C1',239.A,G,79.29,107.786,88.84,0.375836
C2',239.A,G,80.118,106.501,88.902,-0.115399
O2',239.A,G,79.938,105.779,87.692,0.373769
N1,239.A,G,83.146,111.11,88.906,0.218105
C2,239.A,G,82.846,110.136,87.985,0.080131
N2,239.A,G,83.682,110.028,86.941,0.27197
N3,239.A,G,81.805,109.325,88.077,0.418679
C4,239.A,G,81.074,109.569,89.185,0.203255
C5,239.A,G,81.283,110.514,90.166,0.154288
C6,239.A,G,82.405,111.377,90.054,0.174
O6,239.A,G,82.762,112.28,90.821,0.210168
N7,239.A,G,80.3,110.442,91.142,0.309276
C8,239.A,G,79.522,109.469,90.744,0.490595
N9,239.A,G,79.933,108.898,89.565,0.310169
H5',239.A,G,76.246,106.343,90.94,nan
H5'',239.A,G,77.094,105.08,91.423,nan
H4',239.A,G,77.62,105.532,89.212,nan
H3',239.A,G,79.796,106.178,90.913,nan
H1',239.A,G,79.154,108.041,87.904,nan
H2',239.A,G,81.064,106.694,89.072,nan
HO2',239.A,G,80.435,106.228,86.975,nan
H1,239.A,G,83.94,111.658,88.746,nan
H22,239.A,G,83.517,109.351,86.251,nan
H21,239.A,G,84.454,110.625,86.865,nan
H8,239.A,G,78.728,109.18,91.238,nan
P,240.A,C,80.583,103.582,88.978,0.11676
OP2,240.A,C,80.696,102.232,89.583,0.267397
OP1,240.A,C,79.914,103.742,87.662,0.473332
O5',240.A,C,82.048,104.196,88.862,0.149519
C5',240.A,C,83.123,103.669,89.625,0.148274
C4',240.A,C,84.245,104.667,89.772,0.481414
O4',240.A,C,83.73,106.031,89.769,0.322846
C3',240.A,C,85.042,104.593,91.065,-0.024434
O3',240.A,C,85.997,103.546,91.067,0.401349
C1',240.A,C,84.507,106.824,90.58,0.242086
C2',240.A,C,85.672,105.983,91.065,-0.031627
O2',240.A,C,86.734,106.066,90.126,0.353571
N1,240.A,C,83.668,107.322,91.698,0.290137
C2,240.A,C,84.217,108.268,92.572,0.279791
O2,240.A,C,85.381,108.658,92.388,0.549223
N3,240.A,C,83.473,108.738,93.599,0.16041
C4,240.A,C,82.226,108.302,93.775,0.100331
N4,240.A,C,81.529,108.794,94.802,0.070729
C5,240.A,C,81.638,107.341,92.905,0.237771
C6,240.A,C,82.384,106.884,91.891,0.277912
H5',240.A,C,83.465,102.865,89.181,nan
H5'',240.A,C,82.793,103.426,90.516,nan
H4',240.A,C,84.857,104.553,89.016,nan
H3',240.A,C,84.463,104.501,91.85,nan
H1',240.A,C,84.85,107.584,90.066,nan
H2',240.A,C,85.961,106.245,91.963,nan
HO2',240.A,C,87.173,105.193,90.061,nan
H42,240.A,C,80.609,108.494,94.958,nan
H41,240.A,C,81.937,109.456,95.399,nan
H5,240.A,C,80.72,107.027,93.042,nan
H6,240.A,C,81.997,106.222,91.282,nan
P,241.A,G,85.795,102.271,92.025,0.27865
OP2,241.A,G,84.476,102.403,92.694,0.271269
OP1,241.A,G,86.1,101.05,91.236,0.502846
O5',241.A,G,86.929,102.437,93.133,0.221824
C5',241.A,G,88.303,102.364,92.785,0.467896
C4',241.A,G,89.131,103.338,93.585,0.507637
O4',241.A,G,88.691,104.694,93.318,0.059825
C3',241.A,G,89.035,103.208,95.099,0.097494
O3',241.A,G,89.86,102.182,95.62,0.421252
C1',241.A,G,88.755,105.481,94.513,0.25093
C2',241.A,G,89.418,104.602,95.576,0.139829
O2',241.A,G,90.823,104.798,95.524,0.383003
N1,241.A,G,86.051,108.557,97.537,0.282224
C2,241.A,G,87.413,108.412,97.431,0.201049
N2,241.A,G,88.159,109.184,98.235,0.316769
N3,241.A,G,88.003,107.569,96.598,0.471165
C4,241.A,G,87.11,106.871,95.867,0.171638
C5,241.A,G,85.732,106.941,95.897,0.173183
C6,241.A,G,85.111,107.848,96.795,0.104216
O6,241.A,G,83.906,108.056,96.968,0.136549
N7,241.A,G,85.175,106.056,94.984,0.121061
C8,241.A,G,86.204,105.475,94.43,0.187574
N9,241.A,G,87.406,105.922,94.918,0.097335
H5',241.A,G,88.402,102.568,91.831,nan
H5'',241.A,G,88.627,101.455,92.951,nan
H4',241.A,G,90.07,103.25,93.319,nan
H3',241.A,G,88.103,103.03,95.347,nan
H1',241.A,G,89.317,106.264,94.341,nan
H2',241.A,G,89.058,104.788,96.469,nan
HO2',241.A,G,91.039,105.67,95.913,nan
H1,241.A,G,85.713,109.209,98.185,nan
H22,241.A,G,89.138,109.123,98.203,nan
H21,241.A,G,87.729,109.81,98.853,nan
H8,241.A,G,86.123,104.788,93.734,nan
P,242.A,U,89.431,101.402,96.958,0.130914
OP2,242.A,U,87.956,101.237,96.94,0.148216
OP1,242.A,U,90.302,100.206,97.094,0.262233
O5',242.A,U,89.8,102.415,98.13,0.077577
C5',242.A,U,91.152,102.72,98.434,0.443411
C4',242.A,U,91.26,103.762,99.518,0.54514
O4',242.A,U,90.66,105.006,99.07,0.157211
C3',242.A,U,90.538,103.452,100.821,0.040829
O3',242.A,U,91.283,102.604,101.678,0.43696
C1',242.A,U,89.954,105.638,100.14,0.335106
C2',242.A,U,90.288,104.837,101.4,-0.078362
O2',242.A,U,91.465,105.371,101.989,0.364741
N1,242.A,U,88.5,105.647,99.847,0.185367
C2,242.A,U,87.712,106.509,100.586,0.146728
O2,242.A,U,88.16,107.246,101.448,0.288925
N3,242.A,U,86.374,106.484,100.28,-0.013096
C4,242.A,U,85.753,105.7,99.331,0.119218
O4,242.A,U,84.535,105.791,99.174,0.140686
C5,242.A,U,86.63,104.832,98.605,0.2036
C6,242.A,U,87.938,104.838,98.882,0.145088
H5',242.A,U,91.594,103.053,97.624,nan
H5'',242.A,U,91.605,101.902,98.731,nan
H4',242.A,U,92.209,103.918,99.71,nan
H3',242.A,U,89.677,103.028,100.617,nan
H1',242.A,U,90.267,106.562,100.248,nan
H2',242.A,U,89.537,104.832,102.031,nan
HO2',242.A,U,92.085,104.64,102.183,nan
H3,242.A,U,85.797,107.087,100.793,nan
H5,242.A,U,86.274,104.239,97.91,nan
H6,242.A,U,88.516,104.235,98.372,nan
P,243.A,G,90.528,101.549,102.627,0.087047
OP2,243.A,G,89.371,100.999,101.876,-0.033392
OP1,243.A,G,91.546,100.622,103.186,0.110252
O5',243.A,G,89.964,102.438,103.822,-0.223686
C5',243.A,G,90.841,103.03,104.767,0.368051
C4',243.A,G,90.122,104.027,105.643,0.462199
O4',243.A,G,89.527,105.064,104.82,0.128512
C3',243.A,G,88.955,103.484,106.454,-0.355659
O3',243.A,G,89.364,102.835,107.646,0.357256
C1',243.A,G,88.246,105.449,105.353,0.101677
C2',243.A,G,88.109,104.726,106.694,-0.381821
O2',243.A,G,88.665,105.54,107.716,0.19899
N1,243.A,G,83.303,106.016,104.268,0.305992
C2,243.A,G,84.034,106.528,105.314,0.321617
N2,243.A,G,83.365,107.294,106.189,0.363879
N3,243.A,G,85.326,106.309,105.49,0.44607
C4,243.A,G,85.841,105.522,104.522,0.119755
C5,243.A,G,85.201,104.96,103.437,0.149511
C6,243.A,G,83.813,105.204,103.262,0.059186
O6,243.A,G,83.068,104.795,102.364,0.311349
N7,243.A,G,86.086,104.212,102.674,0.346158
C8,243.A,G,87.229,104.332,103.297,0.325178
N9,243.A,G,87.15,105.112,104.424,0.068319
H5',243.A,G,91.565,103.488,104.291,nan
H5'',243.A,G,91.225,102.328,105.332,nan
H4',243.A,G,90.768,104.438,106.255,nan
H3',243.A,G,88.448,102.851,105.902,nan
H1',243.A,G,88.257,106.419,105.506,nan
H2',243.A,G,87.176,104.493,106.882,nan
HO2',243.A,G,89.274,104.996,108.261,nan
H1,243.A,G,82.35,106.238,104.228,nan
H22,243.A,G,83.833,107.687,106.954,nan
H21,243.A,G,82.407,107.461,106.066,nan
H8,243.A,G,88.056,103.907,102.988,nan
P,244.A,G,88.424,101.721,108.323,0.055649
OP2,244.A,G,87.821,100.907,107.237,-0.098375
OP1,244.A,G,89.201,101.051,109.396,0.238228
O5',244.A,G,87.259,102.564,109.011,-0.282609
C5',244.A,G,87.532,103.426,110.104,0.147547
C4',244.A,G,86.28,104.105,110.601,0.298765
O4',244.A,G,85.747,104.969,109.562,-0.058573
C3',244.A,G,85.118,103.189,110.954,-0.345668
O3',244.A,G,85.254,102.592,112.233,0.239676
C1',244.A,G,84.304,104.962,109.621,0.139533
C2',244.A,G,83.917,104.115,110.836,-0.134327
O2',244.A,G,83.805,104.962,111.97,0.18795
N1,244.A,G,80.079,104.268,106.864,-0.031309
C2,244.A,G,80.233,104.858,108.096,0.184619
N2,244.A,G,79.117,105.326,108.676,0.118597
N3,244.A,G,81.394,104.98,108.717,0.213316
C4,244.A,G,82.409,104.458,107.998,0.225575
C5,244.A,G,82.364,103.848,106.761,0.068012
C6,244.A,G,81.111,103.723,106.106,0.143239
O6,244.A,G,80.864,103.215,105.006,0.349527
N7,244.A,G,83.631,103.446,106.362,0.294961
C8,244.A,G,84.409,103.809,107.346,0.372911
N9,244.A,G,83.733,104.429,108.369,0.163779
H5',244.A,G,88.177,104.108,109.822,nan
H5'',244.A,G,87.922,102.9,110.835,nan
H4',244.A,G,86.504,104.65,111.383,nan
H3',244.A,G,85.048,102.484,110.276,nan
H1',244.A,G,83.994,105.881,109.755,nan
H2',244.A,G,83.091,103.614,110.674,nan
HO2',244.A,G,82.979,105.484,111.898,nan
H1,244.A,G,79.174,104.227,106.49,nan
H22,244.A,G,79.165,105.757,109.555,nan
H21,244.A,G,78.253,105.24,108.221,nan
H8,244.A,G,85.376,103.658,107.35,nan
P,245.A,C,84.692,101.109,112.493,-0.072558
OP2,245.A,C,85.08,100.26,111.34,-0.303467
OP1,245.A,C,85.085,100.704,113.867,-0.031054
O5',245.A,C,83.108,101.285,112.468,-0.345865
C5',245.A,C,82.443,102.047,113.464,0.361108
C4',245.A,C,80.969,102.177,113.172,0.264469
O4',245.A,C,80.773,102.908,111.932,-0.108706
C3',245.A,C,80.209,100.876,112.958,-0.400452
O3',245.A,C,79.839,100.244,114.172,0.242524
C1',245.A,C,79.666,102.371,111.21,-0.051258
C2',245.A,C,79.022,101.32,112.114,-0.382798
O2',245.A,C,78.027,101.945,112.911,-0.064183
N1,245.A,C,80.121,101.8,109.918,0.027545
C2,245.A,C,79.161,101.523,108.937,0.057621
O2,245.A,C,77.966,101.758,109.178,0.016526
N3,245.A,C,79.549,101.002,107.752,-0.121502
C4,245.A,C,80.839,100.758,107.519,0.146
N4,245.A,C,81.174,100.246,106.334,0.321249
C5,245.A,C,81.84,101.03,108.495,0.111442
C6,245.A,C,81.444,101.545,109.663,0.239096
H5',245.A,C,82.841,102.94,113.503,nan
H5'',245.A,C,82.558,101.605,114.332,nan
H4',245.A,C,80.546,102.674,113.903,nan
H3',245.A,C,80.765,100.263,112.432,nan
H1',245.A,C,79.024,103.091,111.038,nan
H2',245.A,C,78.654,100.575,111.59,nan
HO2',245.A,C,77.248,102.142,112.352,nan
H42,245.A,C,82.115,100.055,106.132,nan
H41,245.A,C,80.483,100.059,105.665,nan
H5,245.A,C,82.786,100.847,108.313,nan
H6,245.A,C,82.118,101.738,110.347,nan
P,246.A,A,80.264,98.719,114.452,-0.029813
OP2,246.A,A,81.688,98.561,114.065,-0.110497
OP1,246.A,A,79.833,98.367,115.828,0.020208
O5',246.A,A,79.379,97.878,113.428,-0.007286
C5',246.A,A,79.814,97.665,112.094,-0.323154
C4',246.A,A,79.274,96.372,111.535,0.195745
O4',246.A,A,77.833,96.434,111.463,0.433815
C3',246.A,A,79.676,96.044,110.105,-0.190013
O3',246.A,A,80.943,95.415,110.015,0.191371
C1',246.A,A,77.366,95.622,110.4,0.467368
C2',246.A,A,78.596,95.046,109.699,-0.365087
O2',246.A,A,78.864,93.755,110.226,0.099404
N1,246.A,A,73.65,95.693,106.831,0.057074
C2,246.A,A,74.216,94.695,107.521,0.140036
N3,246.A,A,75.181,94.747,108.437,0.129464
C4,246.A,A,75.582,96.016,108.633,-0.023785
C5,246.A,A,75.095,97.145,108.001,0.042677
C6,246.A,A,74.075,96.956,107.053,0.101137
N6,246.A,A,73.51,97.95,106.364,0.136201
N7,246.A,A,75.748,98.283,108.458,-0.177583
C8,246.A,A,76.599,97.823,109.341,0.111638
N9,246.A,A,76.553,96.459,109.498,-0.027392
H5',246.A,A,80.793,97.636,112.077,nan
H5'',246.A,A,79.507,98.408,111.534,nan
H4',246.A,A,79.532,95.637,112.13,nan
H3',246.A,A,79.596,96.852,109.555,nan
H1',246.A,A,76.817,94.889,110.749,nan
H2',246.A,A,78.475,95.024,108.726,nan
HO2',246.A,A,78.603,93.081,109.565,nan
H2,246.A,A,73.872,93.798,107.324,nan
H61,246.A,A,72.801,97.756,105.715,nan
H62,246.A,A,73.802,98.874,106.508,nan
H8,246.A,A,77.213,98.399,109.843,nan
P,247.A,A,81.998,95.881,108.895,0.154701
OP2,247.A,A,81.635,97.254,108.464,0.024488
OP1,247.A,A,83.364,95.61,109.409,0.169513
O5',247.A,A,81.725,94.893,107.675,-0.103555
C5',247.A,A,82.321,93.606,107.631,0.249098
C4',247.A,A,81.635,92.711,106.63,-0.021305
O4',247.A,A,80.21,92.711,106.869,0.33154
C3',247.A,A,81.703,93.16,105.178,0.531811
O3',247.A,A,82.932,92.833,104.553,0.471589
C1',247.A,A,79.487,92.456,105.675,0.294338
C2',247.A,A,80.536,92.393,104.567,0.344911
O2',247.A,A,80.875,91.032,104.343,0.225591
N1,247.A,A,75.063,93.952,103.496,0.233588
C2,247.A,A,75.719,92.784,103.493,0.006618
N3,247.A,A,76.869,92.463,104.083,-0.005379
C4,247.A,A,77.37,93.517,104.75,0.060106
C5,247.A,A,76.813,94.779,104.845,0.092816
C6,247.A,A,75.594,94.99,104.177,0.165515
N6,247.A,A,74.941,96.154,104.178,0.121919
N7,247.A,A,77.613,95.611,105.618,0.082213
C8,247.A,A,78.617,94.846,105.967,0.088089
N9,247.A,A,78.536,93.566,105.477,0.152775
H5',247.A,A,82.262,93.195,108.52,nan
H5'',247.A,A,83.265,93.698,107.385,nan
H4',247.A,A,81.976,91.798,106.735,nan
H3',247.A,A,81.523,94.122,105.13,nan
H1',247.A,A,78.997,91.608,105.708,nan
H2',247.A,A,80.21,92.826,103.75,nan
HO2',247.A,A,80.082,90.556,104.02,nan
H2,247.A,A,75.291,92.062,102.985,nan
H61,247.A,A,74.094,96.241,103.693,nan
H62,247.A,A,75.307,96.921,104.666,nan
H8,247.A,A,79.359,95.159,106.526,nan
P,248.A,U,83.168,91.351,103.989,0.173117
OP2,248.A,U,82.807,90.502,105.152,0.225985
OP1,248.A,U,82.43,91.196,102.71,0.304245
O5',248.A,U,84.719,91.147,103.692,0.603058
C5',248.A,U,85.337,89.881,103.873,0.437246
C4',248.A,U,85.5,89.149,102.564,0.309026
O4',248.A,U,84.24,88.567,102.153,0.141869
C3',248.A,U,85.916,89.995,101.37,0.176065
O3',248.A,U,87.307,90.259,101.335,0.14455
C1',248.A,U,84.173,88.512,100.747,0.409541
C2',248.A,U,85.447,89.153,100.187,0.467053
O2',248.A,U,86.382,88.128,99.882,0.246363
N1,248.A,U,82.946,89.22,100.307,0.062504
C2,248.A,U,82.572,89.071,98.984,0.10527
O2,248.A,U,83.198,88.394,98.187,0.270638
N3,248.A,U,81.43,89.743,98.623,0.228822
C4,248.A,U,80.641,90.535,99.429,0.197183
O4,248.A,U,79.641,91.076,98.953,0.2838
C5,248.A,U,81.089,90.643,100.784,0.274732
C6,248.A,U,82.196,89.998,101.164,0.033978
H5',248.A,U,84.784,89.339,104.474,nan
H5'',248.A,U,86.219,90.01,104.278,nan
H4',248.A,U,86.156,88.432,102.686,nan
H3',248.A,U,85.428,90.845,101.38,nan
H1',248.A,U,84.129,87.576,100.457,nan
H2',248.A,U,85.252,89.71,99.405,nan
HO2',248.A,U,87.27,88.404,100.192,nan
H3,248.A,U,81.147,89.651,97.689,nan
H5,248.A,U,80.587,91.186,101.428,nan
H6,248.A,U,82.482,90.089,102.095,nan
P,249.A,U,87.847,91.697,100.864,0.089571
OP2,249.A,U,88.608,91.511,99.603,0.338327
OP1,249.A,U,86.708,92.651,100.9,0.114911
O5',249.A,U,88.876,92.115,102.005,0.348362
C5',249.A,U,88.506,92.067,103.375,-0.083916
C4',249.A,U,89.64,91.577,104.241,0.053956
O4',249.A,U,89.967,90.214,103.82,-0.325846
C3',249.A,U,90.944,92.353,104.141,0.175614
O3',249.A,U,91.043,93.396,105.093,0.184362
C1',249.A,U,91.356,90.025,103.885,-0.107059
C2',249.A,U,91.956,91.277,104.524,0.361327
O2',249.A,U,92.002,91.091,105.931,0.084325
N1,249.A,U,91.87,89.791,102.514,-0.003076
C2,249.A,U,93.17,89.335,102.397,-0.069826
O2,249.A,U,93.89,89.123,103.356,0.078425
N3,249.A,U,93.602,89.132,101.109,-0.133171
C4,249.A,U,92.885,89.335,99.949,-0.118615
O4,249.A,U,93.417,89.107,98.862,0.02621
C5,249.A,U,91.548,89.807,100.147,0.03384
C6,249.A,U,91.101,90.011,101.391,-0.153141
H5',249.A,U,87.742,91.463,103.478,nan
H5'',249.A,U,88.246,92.965,103.668,nan
H4',249.A,U,89.36,91.549,105.179,nan
H3',249.A,U,91.115,92.717,103.247,nan
H1',249.A,U,91.561,89.247,104.446,nan
H2',249.A,U,92.843,91.47,104.155,nan
HO2',249.A,U,92.745,90.49,106.15,nan
H3,249.A,U,94.521,88.809,101.003,nan
H5,249.A,U,90.966,89.977,99.377,nan
H6,249.A,U,90.184,90.335,101.5,nan
P,250.A,C,90.741,94.915,104.664,0.171079
OP2,250.A,C,91.674,95.798,105.408,0.225015
OP1,250.A,C,90.701,94.974,103.181,0.067092
O5',250.A,C,89.268,95.185,105.207,-0.128263
C5',250.A,C,89.057,95.795,106.472,0.425765
C4',250.A,C,87.587,95.95,106.777,0.528248
O4',250.A,C,86.972,96.837,105.805,0.298421
C3',250.A,C,86.75,94.683,106.704,-0.24694
O3',250.A,C,86.835,93.894,107.878,0.346369
C1',250.A,C,85.656,96.39,105.489,-0.028261
C2',250.A,C,85.353,95.223,106.431,-0.441875
O2',250.A,C,84.756,95.731,107.616,0.077151
N1,250.A,C,85.567,95.997,104.06,0.033946
C2,250.A,C,84.297,95.858,103.486,0.029656
O2,250.A,C,83.291,96.065,104.183,0.077369
N3,250.A,C,84.188,95.502,102.186,0.090076
C4,250.A,C,85.284,95.284,101.459,0.045386
N4,250.A,C,85.129,94.934,100.18,0.09683
C5,250.A,C,86.589,95.416,102.012,0.132957
C6,250.A,C,86.684,95.771,103.3,0.057514
H5',250.A,C,89.48,96.678,106.474,nan
H5'',250.A,C,89.47,95.241,107.166,nan
H4',250.A,C,87.492,96.342,107.671,nan
H3',250.A,C,87.042,94.149,105.935,nan
H1',250.A,C,85.027,97.121,105.664,nan
H2',250.A,C,84.785,94.551,105.998,nan
HO2',250.A,C,85.214,95.35,108.393,nan
H42,250.A,C,85.915,94.768,99.619,nan
H41,250.A,C,84.229,94.843,99.803,nan
H5,250.A,C,87.389,95.255,101.47,nan
H6,250.A,C,87.573,95.867,103.699,nan
P,251.A,G,86.301,92.382,107.86,-0.01648
OP2,251.A,G,86.011,92.16,106.421,-0.236778
OP1,251.A,G,87.282,91.51,108.555,0.001481
O5',251.A,G,84.923,92.306,108.658,0.090808
C5',251.A,G,84.255,91.067,108.842,-0.368986
C4',251.A,G,83.748,90.915,110.254,0.216132
O4',251.A,G,82.612,91.793,110.464,-0.132838
C3',251.A,G,83.211,89.541,110.627,-0.366335
O3',251.A,G,84.235,88.61,110.931,0.249945
C1',251.A,G,81.65,91.162,111.316,0.310746
C2',251.A,G,82.298,89.865,111.801,-0.253555
O2',251.A,G,83.048,90.129,112.979,0.23994
N1,251.A,G,76.668,90.139,111.522,0.024717
C2,251.A,G,77.566,90.319,112.545,-0.203799
N2,251.A,G,77.079,90.213,113.791,-0.001964
N3,251.A,G,78.85,90.583,112.364,-0.178608
C4,251.A,G,79.17,90.655,111.055,-0.246391
C5,251.A,G,78.351,90.492,109.957,-0.257244
C6,251.A,G,76.976,90.208,110.167,-0.178073
O6,251.A,G,76.09,90.031,109.324,-0.02445
N7,251.A,G,79.068,90.645,108.78,-0.313423
C8,251.A,G,80.288,90.893,109.174,-0.503003
N9,251.A,G,80.42,90.913,110.542,-0.240197
H5',251.A,G,84.877,90.335,108.644,nan
H5'',251.A,G,83.497,91.017,108.222,nan
H4',251.A,G,84.462,91.158,110.881,nan
H3',251.A,G,82.668,89.192,109.89,nan
H1',251.A,G,81.441,91.731,112.087,nan
H2',251.A,G,81.633,89.159,111.945,nan
HO2',251.A,G,82.429,90.291,113.721,nan
H1,251.A,G,75.737,89.947,111.762,nan
H22,251.A,G,77.674,90.331,114.561,nan
H21,251.A,G,76.13,90.017,113.933,nan
H8,251.A,G,81.033,91.049,108.557,nan
P,252.A,G,84.164,87.113,110.351,0.207121
OP2,252.A,G,85.551,86.655,110.087,0.154266
OP1,252.A,G,83.284,86.315,111.243,0.324886
O5',252.A,G,83.424,87.277,108.949,-0.053545
C5',252.A,G,82.358,86.418,108.581,0.323289
C4',252.A,G,81.128,87.197,108.19,0.576416
O4',252.A,G,81.459,88.142,107.139,0.139593
C3',252.A,G,79.979,86.386,107.608,0.340703
O3',252.A,G,79.183,85.761,108.6,0.630893
C1',252.A,G,80.378,88.244,106.202,0.423465
C2',252.A,G,79.227,87.418,106.781,0.440966
O2',252.A,G,78.428,88.256,107.606,0.438074
N1,252.A,G,79.176,87.937,101.265,-0.062478
C2,252.A,G,78.481,88.514,102.299,-0.132568
N2,252.A,G,77.309,89.085,101.984,0.126643
N3,252.A,G,78.901,88.53,103.554,0.186423
C4,252.A,G,80.092,87.912,103.695,0.072681
C5,252.A,G,80.868,87.307,102.729,0.062262
C6,252.A,G,80.406,87.296,101.388,-0.009483
O6,252.A,G,80.948,86.809,100.389,0.165889
N7,252.A,G,82.028,86.787,103.283,0.277798
C8,252.A,G,81.94,87.078,104.553,-0.035061
N9,252.A,G,80.791,87.761,104.871,0.165202
H5',252.A,G,82.141,85.834,109.337,nan
H5'',252.A,G,82.639,85.864,107.821,nan
H4',252.A,G,80.801,87.69,108.969,nan
H3',252.A,G,80.343,85.699,107.009,nan
H1',252.A,G,80.106,89.183,106.141,nan
H2',252.A,G,78.696,86.996,106.073,nan
HO2',252.A,G,78.897,89.103,107.75,nan
H1,252.A,G,78.777,87.979,100.371,nan
H22,252.A,G,76.769,89.514,102.681,nan
H21,252.A,G,76.992,89.079,101.057,nan
H8,252.A,G,82.623,86.837,105.211,nan
P,253.A,U,78.433,84.376,108.281,0.35378
OP2,253.A,U,79.34,83.543,107.451,0.233791
OP1,253.A,U,77.904,83.835,109.559,0.320942
O5',253.A,U,77.196,84.807,107.377,0.276115
C5',253.A,U,76.127,85.569,107.919,0.546933
C4',253.A,U,75.118,85.944,106.862,0.572527
O4',253.A,U,75.743,86.78,105.853,0.263569
C3',253.A,U,74.521,84.791,106.067,0.231546
O3',253.A,U,73.454,84.146,106.742,0.507121
C1',253.A,U,75.252,86.452,104.553,0.429738
C2',253.A,U,74.103,85.464,104.768,-0.187623
O2',253.A,U,72.894,86.193,104.93,0.3204
N1,253.A,U,76.34,85.876,103.725,0.122814
C2,253.A,U,76.132,85.819,102.36,0.044985
O2,253.A,U,75.11,86.214,101.826,0.252509
N3,253.A,U,77.166,85.279,101.635,-0.029727
C4,253.A,U,78.363,84.799,102.122,0.094872
O4,253.A,U,79.196,84.342,101.339,0.125446
C5,253.A,U,78.509,84.891,103.544,0.299023
C6,253.A,U,77.517,85.414,104.273,0.149494
H5',253.A,U,76.49,86.39,108.317,nan
H5'',253.A,U,75.68,85.045,108.615,nan
H4',253.A,U,74.391,86.446,107.286,nan
H3',253.A,U,75.223,84.135,105.877,nan
H1',253.A,U,74.91,87.261,104.118,nan
H2',253.A,U,74.044,84.821,104.03,nan
HO2',253.A,U,72.613,86.54,104.059,nan
H3,253.A,U,77.037,85.229,100.665,nan
H5,253.A,U,79.329,84.575,103.976,nan
H6,253.A,U,77.641,85.465,105.243,nan
P,254.A,G,73.157,82.589,106.485,0.340519
OP2,254.A,G,74.457,81.874,106.445,0.188751
OP1,254.A,G,72.11,82.156,107.444,0.417158
O5',254.A,G,72.528,82.553,105.02,0.116961
C5',254.A,G,71.265,83.142,104.755,0.552149
C4',254.A,G,70.943,83.126,103.281,0.495158
O4',254.A,G,71.938,83.892,102.553,0.238773
C3',254.A,G,70.962,81.761,102.609,-0.091892
O3',254.A,G,69.769,81.023,102.818,0.5506
C1',254.A,G,72.2,83.275,101.283,0.476067
C2',254.A,G,71.214,82.113,101.149,-0.2311
O2',254.A,G,70.03,82.582,100.52,0.421604
N1,254.A,G,75.867,81.505,98.228,0.316883
C2,254.A,G,74.567,81.836,97.931,0.149148
N2,254.A,G,74.187,81.676,96.655,0.31905
N3,254.A,G,73.7,82.292,98.821,0.432873
C4,254.A,G,74.244,82.389,100.052,0.307572
C5,254.A,G,75.528,82.087,100.453,0.409315
C6,254.A,G,76.449,81.599,99.489,0.401715
O6,254.A,G,77.631,81.274,99.647,0.365694
N7,254.A,G,75.692,82.328,101.808,0.545817
C8,254.A,G,74.526,82.767,102.202,0.662969
N9,254.A,G,73.603,82.829,101.187,0.417527
H5',254.A,G,71.27,84.068,105.072,nan
H5'',254.A,G,70.571,82.643,105.238,nan
H4',254.A,G,70.063,83.535,103.143,nan
H3',254.A,G,71.722,81.245,102.95,nan
H1',254.A,G,72.02,83.937,100.582,nan
H2',254.A,G,71.611,81.361,100.662,nan
HO2',254.A,G,69.256,82.287,101.041,nan
H1,254.A,G,76.429,81.176,97.495,nan
H22,254.A,G,73.271,81.898,96.385,nan
H21,254.A,G,74.824,81.34,95.99,nan
H8,254.A,G,74.332,83.024,103.127,nan
P,255.A,C,69.836,79.43,102.963,0.256136
OP2,255.A,C,71.088,79.141,103.706,0.255568
OP1,255.A,C,68.529,79.02,103.536,0.338897
O5',255.A,C,69.962,78.782,101.513,0.119765
C5',255.A,C,69.147,79.229,100.439,0.458686
C4',255.A,C,69.756,78.892,99.101,0.577635
O4',255.A,C,70.916,79.732,98.861,0.347817
C3',255.A,C,70.286,77.477,98.94,-0.051375
O3',255.A,C,69.271,76.533,98.647,0.574425
C1',255.A,C,71.923,78.995,98.164,0.382814
C2',255.A,C,71.316,77.631,97.83,-0.130153
O2',255.A,C,70.693,77.702,96.557,0.311092
N1,255.A,C,73.15,78.88,98.989,0.510821
C2,255.A,C,74.342,78.503,98.359,0.442614
O2,255.A,C,74.339,78.278,97.139,0.375116
N3,255.A,C,75.476,78.39,99.09,0.349913
C4,255.A,C,75.453,78.637,100.399,0.285194
N4,255.A,C,76.596,78.513,101.079,0.332082
C5,255.A,C,74.259,79.021,101.07,0.419292
C6,255.A,C,73.143,79.131,100.336,0.43759
H5',255.A,C,69.037,80.199,100.507,nan
H5'',255.A,C,68.268,78.8,100.507,nan
H4',255.A,C,69.091,79.064,98.401,nan
H3',255.A,C,70.744,77.21,99.767,nan
H1',255.A,C,72.135,79.469,97.332,nan
H2',255.A,C,71.992,76.92,97.864,nan
HO2',255.A,C,69.791,77.324,96.621,nan
H42,255.A,C,76.613,78.689,102.043,nan
H41,255.A,C,77.417,78.249,100.614,nan
H5,255.A,C,74.251,79.201,102.033,nan
H6,255.A,C,72.309,79.393,100.779,nan
P,256.A,A,69.47,74.984,99.025,0.186927
OP2,256.A,A,70.008,74.915,100.407,0.239211
OP1,256.A,A,68.219,74.262,98.687,0.404398
O5',256.A,A,70.611,74.489,98.028,-0.107675
C5',256.A,A,70.342,74.31,96.646,0.463146
C4',256.A,A,71.574,73.874,95.893,0.464851
O4',256.A,A,72.617,74.874,96.035,0.218991
C3',256.A,A,72.228,72.587,96.373,0.095483
O3',256.A,A,71.572,71.422,95.899,0.453143
C1',256.A,A,73.906,74.225,96.081,0.404853
C2',256.A,A,73.657,72.731,95.869,-0.206831
O2',256.A,A,73.745,72.441,94.482,0.383336
N1,256.A,A,78.378,74.055,98.634,0.431817
C2,256.A,A,78.04,73.707,97.386,0.436272
N3,256.A,A,76.855,73.778,96.783,0.500674
C4,256.A,A,75.927,74.279,97.62,0.355838
C5,256.A,A,76.121,74.68,98.928,0.284532
C6,256.A,A,77.422,74.556,99.447,0.119014
N6,256.A,A,77.76,74.901,100.692,0.365585
N7,256.A,A,74.936,75.146,99.48,0.428223
C8,256.A,A,74.067,75.017,98.509,0.272407
N9,256.A,A,74.597,74.499,97.355,0.323274
H5',256.A,A,70.022,75.157,96.27,nan
H5'',256.A,A,69.646,73.629,96.539,nan
H4',256.A,A,71.35,73.78,94.943,nan
H3',256.A,A,72.233,72.576,97.354,nan
H1',256.A,A,74.44,74.574,95.337,nan
H2',256.A,A,74.281,72.186,96.393,nan
HO2',256.A,A,72.964,71.913,94.215,nan
H2,256.A,A,78.77,73.35,96.836,nan
H61,256.A,A,78.685,74.791,100.997,nan
H62,256.A,A,77.084,75.267,101.299,nan
H8,256.A,A,73.122,75.268,98.599,nan
P,257.A,C,71.629,70.061,96.752,0.22711
OP2,257.A,C,71.391,70.399,98.178,0.154928
OP1,257.A,C,70.759,69.062,96.08,0.395015
O5',257.A,C,73.138,69.575,96.604,0.140046
C5',257.A,C,73.639,69.117,95.359,0.556648
C4',257.A,C,75.113,68.803,95.432,0.501821
O4',257.A,C,75.858,69.998,95.782,0.263479
C3',257.A,C,75.531,67.786,96.484,-0.006147
O3',257.A,C,75.302,66.447,96.081,0.59524
C1',257.A,C,76.988,69.644,96.604,0.408452
C2',257.A,C,77.001,68.117,96.701,-0.066469
O2',257.A,C,77.807,67.596,95.653,0.363328
N1,257.A,C,76.904,70.293,97.935,0.315139
C2,257.A,C,78.066,70.374,98.711,0.123394
O2,257.A,C,79.126,69.905,98.265,0.24427
N3,257.A,C,78.015,70.961,99.929,-0.022377
C4,257.A,C,76.865,71.456,100.386,0.082402
N4,257.A,C,76.865,72.026,101.593,0.250636
C5,257.A,C,75.666,71.387,99.622,0.322152
C6,257.A,C,75.728,70.806,98.419,0.286833
H5',257.A,C,73.493,69.811,94.682,nan
H5'',257.A,C,73.154,68.309,95.096,nan
H4',257.A,C,75.415,68.489,94.552,nan
H3',257.A,C,75.038,67.962,97.313,nan
H1',257.A,C,77.799,69.949,96.147,nan
H2',257.A,C,77.312,67.817,97.581,nan
HO2',257.A,C,78.749,67.766,95.86,nan
H42,257.A,C,76.034,72.399,101.956,nan
H41,257.A,C,77.691,72.07,102.115,nan
H5,257.A,C,74.824,71.755,99.966,nan
H6,257.A,C,74.913,70.749,97.879,nan
P,258.A,A,75.082,65.298,97.185,0.242677
OP2,258.A,A,74.175,65.834,98.231,0.180654
OP1,258.A,A,74.725,64.043,96.478,0.475194
O5',258.A,A,76.523,65.106,97.835,-0.052715
C5',258.A,A,77.602,64.581,97.074,0.369552
C4',258.A,A,78.895,64.613,97.851,0.526372
O4',258.A,A,79.238,65.984,98.177,0.222502
C3',258.A,A,78.881,63.903,99.196,-0.240262
O3',258.A,A,79.018,62.498,99.083,0.423513
C1',258.A,A,79.898,66.02,99.462,0.231949
C2',258.A,A,80.032,64.572,99.936,-0.398226
O2',258.A,A,81.286,64.062,99.507,0.280901
N1,258.A,A,80.059,68.538,103.954,0.259786
C2,258.A,A,80.973,67.816,103.295,0.352278
N3,258.A,A,80.864,67.186,102.126,0.359406
C4,258.A,A,79.633,67.352,101.61,0.208388
C5,258.A,A,78.59,68.067,102.169,0.240486
C6,258.A,A,78.833,68.687,103.408,0.160173
N6,258.A,A,77.923,69.406,104.067,0.222365
N7,258.A,A,77.469,68.02,101.352,0.341949
C8,258.A,A,77.854,67.29,100.334,0.36389
N9,258.A,A,79.151,66.853,100.424,0.29227
H5',258.A,A,77.707,65.113,96.258,nan
H5'',258.A,A,77.399,63.654,96.829,nan
H4',258.A,A,79.607,64.23,97.297,nan
H3',258.A,A,78.042,64.107,99.66,nan
H1',258.A,A,80.79,66.402,99.323,nan
H2',258.A,A,79.926,64.502,100.907,nan
HO2',258.A,A,81.995,64.449,100.062,nan
H2,258.A,A,81.845,67.739,103.734,nan
H61,258.A,A,78.15,69.815,104.928,nan
H62,258.A,A,77.026,69.529,103.69,nan
H8,258.A,A,77.268,67.076,99.577,nan
P,259.A,U,78.307,61.528,100.149,0.302106
OP2,259.A,U,76.906,61.989,100.325,0.270124
OP1,259.A,U,78.571,60.124,99.741,0.402565
O5',259.A,U,79.093,61.804,101.506,0.087144
C5',259.A,U,80.463,61.459,101.638,0.565956
C4',259.A,U,81.052,61.999,102.919,0.545736
O4',259.A,U,80.971,63.449,102.927,0.219413
C3',259.A,U,80.354,61.585,104.205,-0.073904
O3',259.A,U,80.722,60.287,104.641,0.36476
C1',259.A,U,80.725,63.918,104.26,0.206199
C2',259.A,U,80.755,62.69,105.172,-0.242448
O2',259.A,U,82.079,62.502,105.649,0.218691
N1,259.A,U,79.433,64.641,104.333,0.159201
C2,259.A,U,79.225,65.456,105.43,0.0956
O2,259.A,U,80.048,65.597,106.318,0.224155
N3,259.A,U,78.016,66.105,105.453,-0.058693
C4,259.A,U,77.011,66.025,104.514,0.154653
O4,259.A,U,75.976,66.673,104.68,0.237165
C5,259.A,U,77.293,65.164,103.406,0.316466
C6,259.A,U,78.465,64.522,103.357,0.349094
H5',259.A,U,80.96,61.828,100.88,nan
H5'',259.A,U,80.55,60.483,101.635,nan
H4',259.A,U,81.994,61.734,102.97,nan
H3',259.A,U,79.384,61.616,104.068,nan
H1',259.A,U,81.45,64.528,104.512,nan
H2',259.A,U,80.113,62.776,105.908,nan
HO2',259.A,U,82.282,63.196,106.31,nan
H3,259.A,U,77.848,66.686,106.225,nan
H5,259.A,U,76.636,65.05,102.69,nan
H6,259.A,U,78.634,63.938,102.589,nan
P,260.A,C,79.723,59.431,105.566,0.141805
OP2,260.A,C,78.339,59.651,105.078,-0.029332
OP1,260.A,C,80.256,58.049,105.66,0.105522
O5',260.A,C,79.852,60.107,107.003,-0.135383
C5',260.A,C,81.033,59.952,107.778,0.476857
C4',260.A,C,80.972,60.762,109.051,0.55608
O4',260.A,C,80.823,62.17,108.735,0.230861
C3',260.A,C,79.805,60.464,109.98,0.169214
O3',260.A,C,80.011,59.31,110.776,0.527215
C1',260.A,C,79.993,62.807,109.723,0.331181
C2',260.A,C,79.687,61.75,110.787,-0.059851
O2',260.A,C,80.681,61.815,111.8,0.429511
N1,260.A,C,78.761,63.362,109.111,0.13703
C2,260.A,C,78.057,64.35,109.811,0.095612
O2,260.A,C,78.482,64.73,110.913,0.331223
N3,260.A,C,76.931,64.874,109.273,-0.022078
C4,260.A,C,76.496,64.448,108.088,0.044385
N4,260.A,C,75.38,64.994,107.598,0.238681
C5,260.A,C,77.188,63.444,107.353,0.364627
C6,260.A,C,78.301,62.934,107.892,0.310175
H5',260.A,C,81.804,60.246,107.248,nan
H5'',260.A,C,81.144,59.005,108.007,nan
H4',260.A,C,81.81,60.636,109.545,nan
H3',260.A,C,78.991,60.345,109.446,nan
H1',260.A,C,80.51,63.534,110.127,nan
H2',260.A,C,78.786,61.862,111.154,nan
HO2',260.A,C,80.538,62.623,112.334,nan
H42,260.A,C,75.034,64.701,106.728,nan
H41,260.A,C,74.906,65.683,108.108,nan
H5,260.A,C,76.86,63.138,106.481,nan
H6,260.A,C,78.79,62.243,107.402,nan
P,261.A,A,78.753,58.488,111.348,0.220675
OP2,261.A,A,77.752,58.364,110.26,0.235485
OP1,261.A,A,79.267,57.268,112.018,0.360497
O5',261.A,A,78.146,59.446,112.467,-0.062936
C5',261.A,A,78.866,59.725,113.658,0.516527
C4',261.A,A,78.18,60.783,114.487,0.384303
O4',261.A,A,78.083,62.016,113.726,0.049465
C3',261.A,A,76.747,60.484,114.895,-0.324829
O3',261.A,A,76.658,59.597,115.997,0.485576
C1',261.A,A,76.857,62.701,114.085,0.273136
C2',261.A,A,76.186,61.871,115.179,-0.25894
O2',261.A,A,76.611,62.349,116.447,0.465236
N1,261.A,A,72.814,65.237,112.143,0.184283
C2,261.A,A,73.421,65.29,113.335,0.397458
N3,261.A,A,74.471,64.601,113.774,0.560231
C4,261.A,A,74.918,63.759,112.825,0.146907
C5,261.A,A,74.4,63.593,111.555,0.128391
C6,261.A,A,73.29,64.382,111.212,0.239607
N6,261.A,A,72.682,64.33,110.023,0.297068
N7,261.A,A,75.121,62.637,110.852,0.40417
C8,261.A,A,76.043,62.253,111.699,0.28986
N9,261.A,A,75.979,62.89,112.913,0.194652
H5',261.A,A,79.765,60.04,113.422,nan
H5'',261.A,A,78.943,58.906,114.187,nan
H4',261.A,A,78.711,60.947,115.294,nan
H3',261.A,A,76.268,60.095,114.131,nan
H1',261.A,A,77.111,63.576,114.448,nan
H2',261.A,A,75.209,61.889,115.093,nan
HO2',261.A,A,75.865,62.81,116.881,nan
H2,261.A,A,73.038,65.926,113.975,nan
H61,261.A,A,71.912,64.908,109.841,nan
H62,261.A,A,73.01,63.719,109.332,nan
H8,261.A,A,76.715,61.573,111.486,nan
P,262.A,U,75.357,58.672,116.186,0.218913
OP2,262.A,U,74.851,58.31,114.838,0.174969
OP1,262.A,U,75.692,57.599,117.157,0.430188
O5',262.A,U,74.292,59.64,116.869,-0.057397
C5',262.A,U,74.558,60.247,118.124,0.483445
C4',262.A,U,73.712,61.477,118.339,0.46979
O4',262.A,U,73.913,62.397,117.232,0.12429
C3',262.A,U,72.207,61.257,118.378,-0.278546
O3',262.A,U,71.738,60.864,119.656,0.379025
C1',262.A,U,72.688,62.997,116.859,0.159892
C2',262.A,U,71.653,62.595,117.91,-0.21424
O2',262.A,U,71.662,63.552,118.96,0.197915
N1,262.A,U,72.326,62.522,115.502,0.123217
C2,262.A,U,71.526,63.35,114.736,0.17642
O2,262.A,U,71.119,64.43,115.127,0.108889
N3,262.A,U,71.218,62.87,113.487,-0.247092
C4,262.A,U,71.616,61.671,112.935,0.110974
O4,262.A,U,71.253,61.38,111.794,0.066336
C5,262.A,U,72.442,60.867,113.784,0.317921
C6,262.A,U,72.759,61.311,115.004,0.313676
H5',262.A,U,75.504,60.501,118.162,nan
H5'',262.A,U,74.371,59.603,118.838,nan
H4',262.A,U,73.99,61.911,119.172,nan
H3',262.A,U,71.965,60.569,117.725,nan
H1',262.A,U,72.775,63.974,116.849,nan
H2',262.A,U,70.761,62.497,117.517,nan
HO2',262.A,U,71.3,64.399,118.623,nan
H3,262.A,U,70.651,63.441,112.928,nan
H5,262.A,U,72.772,59.998,113.472,nan
H6,262.A,U,73.324,60.742,115.566,nan
P,263.A,G,70.832,59.551,119.801,0.166784
OP2,263.A,G,71.457,58.618,118.829,0.018061
OP1,263.A,G,70.751,59.171,121.235,0.438231
O5',263.A,G,69.357,59.877,119.294,-0.211237
C5',263.A,G,68.285,60.016,120.213,0.391744
C4',263.A,G,67.432,61.219,119.89,0.450214
O4',263.A,G,68.204,62.175,119.116,0.139601
C3',263.A,G,66.204,60.953,119.032,-0.157741
O3',263.A,G,65.109,60.444,119.774,0.24814
C1',263.A,G,67.359,62.823,118.161,0.258496
C2',263.A,G,65.936,62.315,118.405,-0.332912
O2',263.A,G,65.287,63.185,119.321,0.316366
N1,263.A,G,66.97,64.058,113.238,-0.197794
C2,263.A,G,66.321,64.59,114.327,-0.041813
N2,263.A,G,65.454,65.582,114.076,0.151258
N3,263.A,G,66.509,64.18,115.571,0.395175
C4,263.A,G,67.411,63.179,115.642,0.042588
C5,263.A,G,68.112,62.577,114.618,-0.133871
C6,263.A,G,67.901,63.027,113.288,-0.004311
O6,263.A,G,68.428,62.62,112.246,0.004013
N7,263.A,G,68.947,61.584,115.11,0.126566
C8,263.A,G,68.74,61.597,116.398,0.348645
N9,263.A,G,67.821,62.541,116.788,0.047231
H5',263.A,G,68.649,60.117,121.117,nan
H5'',263.A,G,67.728,59.21,120.179,nan
H4',263.A,G,67.15,61.643,120.727,nan
H3',263.A,G,66.438,60.316,118.323,nan
H1',263.A,G,67.392,63.788,118.325,nan
H2',263.A,G,65.437,62.233,117.566,nan
HO2',263.A,G,64.869,62.65,120.026,nan
H1,263.A,G,66.76,64.433,112.356,nan
H22,263.A,G,64.962,66.0,114.814,nan
H21,263.A,G,65.31,65.89,113.158,nan
H8,263.A,G,69.195,60.994,117.023,nan
P,264.A,U,64.057,59.448,119.08,0.219098
OP2,264.A,U,64.823,58.371,118.401,-0.021013
OP1,264.A,U,63.025,59.093,120.087,0.256584
O5',264.A,U,63.363,60.341,117.958,-0.178365
C5',264.A,U,62.46,61.379,118.308,0.438432
C4',264.A,U,62.012,62.159,117.096,0.490893
O4',264.A,U,63.159,62.756,116.439,0.419694
C3',264.A,U,61.333,61.358,115.997,0.136419
O3',264.A,U,59.966,61.096,116.265,0.281809
C1',264.A,U,62.972,62.75,115.019,0.244139
C2',264.A,U,61.558,62.224,114.766,-0.209861
O2',264.A,U,60.656,63.32,114.736,0.31789
N1,264.A,U,64.007,61.923,114.352,0.341394
C2,264.A,U,64.176,62.101,112.991,0.176172
O2,264.A,U,63.522,62.895,112.336,0.246375
N3,264.A,U,65.146,61.316,112.417,-0.086291
C4,264.A,U,65.946,60.389,113.047,0.301249
O4,264.A,U,66.777,59.759,112.389,0.0973
C5,264.A,U,65.717,60.259,114.455,0.375078
C6,264.A,U,64.779,61.012,115.04,0.38381
H5',264.A,U,62.902,61.989,118.933,nan
H5'',264.A,U,61.676,60.987,118.744,nan
H4',264.A,U,61.407,62.873,117.387,nan
H3',264.A,U,61.807,60.506,115.88,nan
H1',264.A,U,63.038,63.674,114.696,nan
H2',264.A,U,61.514,61.696,113.941,nan
HO2',264.A,U,59.892,63.121,115.315,nan
H3,264.A,U,65.28,61.426,111.452,nan
H5,264.A,U,66.243,59.624,114.983,nan
H6,264.A,U,64.641,60.905,116.003,nan
P,265.A,C,59.236,59.831,115.592,0.241517
OP2,265.A,C,60.186,58.692,115.604,0.046728
OP1,265.A,C,57.901,59.681,116.226,0.228985
O5',265.A,C,59.015,60.274,114.078,-0.160668
C5',265.A,C,58.052,61.26,113.739,0.381799
C4',265.A,C,58.092,61.599,112.269,0.45497
O4',265.A,C,59.411,62.092,111.914,0.094302
C3',265.A,C,57.859,60.444,111.309,-0.128184
O3',265.A,C,56.487,60.122,111.155,0.424123
C1',265.A,C,59.748,61.662,110.58,0.141399
C2',265.A,C,58.518,60.938,110.028,-0.236342
O2',265.A,C,57.694,61.878,109.353,0.312761
N1,265.A,C,60.957,60.803,110.577,0.149522
C2,265.A,C,61.649,60.632,109.37,0.039322
O2,265.A,C,61.235,61.199,108.349,0.302935
N3,265.A,C,62.755,59.854,109.341,0.084091
C4,265.A,C,63.179,59.253,110.454,0.112506
N4,265.A,C,64.275,58.495,110.377,0.250054
C5,265.A,C,62.498,59.405,111.694,0.299811
C6,265.A,C,61.405,60.179,111.711,0.320333
H5',265.A,C,58.228,62.072,114.26,nan
H5'',265.A,C,57.159,60.923,113.965,nan
H4',265.A,C,57.434,62.302,112.09,nan
H3',265.A,C,58.34,59.654,111.633,nan
H1',265.A,C,59.919,62.466,110.044,nan
H2',265.A,C,58.774,60.194,109.444,nan
HO2',265.A,C,57.743,61.709,108.39,nan
H42,265.A,C,64.612,58.04,111.177,nan
H41,265.A,C,64.741,58.391,109.52,nan
H5,265.A,C,62.818,58.961,112.506,nan
H6,265.A,C,60.923,60.296,112.555,nan
P,266.A,U,56.049,58.631,110.742,0.292765
OP2,266.A,U,56.934,57.678,111.458,0.357787
OP1,266.A,U,54.576,58.525,110.899,0.571008
O5',266.A,U,56.387,58.547,109.188,-0.067076
C5',266.A,U,55.752,59.408,108.255,0.439252
C4',266.A,U,56.457,59.4,106.921,0.451326
O4',266.A,U,57.838,59.825,107.107,0.03031
C3',266.A,U,56.586,58.047,106.239,-0.337572
O3',266.A,U,55.44,57.695,105.486,0.292478
C1',266.A,U,58.653,59.162,106.164,0.173115
C2',266.A,U,57.751,58.281,105.298,-0.205492
O2',266.A,U,57.346,59.013,104.15,0.155126
N1,266.A,U,59.693,58.378,106.872,-0.014582
C2,266.A,U,60.798,57.987,106.137,-0.105702
O2,266.A,U,60.943,58.259,104.958,0.24594
N3,266.A,U,61.735,57.264,106.833,-0.026017
C4,266.A,U,61.684,56.897,108.161,0.034839
O4,266.A,U,62.609,56.242,108.644,0.231607
C5,266.A,U,60.513,57.335,108.858,0.190838
C6,266.A,U,59.585,58.042,108.205,0.139083
H5',266.A,U,55.754,60.321,108.611,nan
H5'',266.A,U,54.826,59.115,108.128,nan
H4',266.A,U,56.004,60.029,106.321,nan
H3',266.A,U,56.838,57.374,106.904,nan
H1',266.A,U,59.084,59.837,105.598,nan
H2',266.A,U,58.191,57.441,105.055,nan
HO2',266.A,U,58.112,59.11,103.546,nan
H3,266.A,U,62.526,56.977,106.331,nan
H5,266.A,U,60.393,57.119,109.807,nan
H6,266.A,U,58.793,58.329,108.703,nan
P,267.A,U,54.703,56.29,105.742,0.063845
OP2,267.A,U,54.65,56.061,107.208,-0.115771
OP1,267.A,U,53.446,56.278,104.951,0.387728
O5',267.A,U,55.694,55.214,105.11,-0.166541
C5',267.A,U,56.002,55.232,103.725,0.457587
C4',267.A,U,57.335,54.585,103.443,0.393298
O4',267.A,U,58.41,55.268,104.149,0.302804
C3',267.A,U,57.491,53.143,103.901,0.16926
O3',267.A,U,56.821,52.219,103.062,0.371705
C1',267.A,U,59.397,54.358,104.544,0.029205
C2',267.A,U,59.006,52.999,103.954,0.134709
O2',267.A,U,59.558,52.874,102.651,0.395576
N1,267.A,U,59.429,54.34,106.027,0.096465
C2,267.A,U,60.59,53.89,106.628,0.078418
O2,267.A,U,61.564,53.518,105.998,0.221375
N3,267.A,U,60.573,53.892,108.001,0.123811
C4,267.A,U,59.537,54.287,108.82,0.000819
O4,267.A,U,59.676,54.228,110.042,0.202312
C5,267.A,U,58.368,54.74,108.129,0.195299
C6,267.A,U,58.358,54.75,106.792,0.364185
H5',267.A,U,56.026,56.161,103.415,nan
H5'',267.A,U,55.304,54.749,103.236,nan
H4',267.A,U,57.516,54.64,102.481,nan
H3',267.A,U,57.124,53.05,104.804,nan
H1',267.A,U,60.28,54.615,104.204,nan
H2',267.A,U,59.277,52.257,104.535,nan
HO2',267.A,U,60.509,53.108,102.683,nan
H3,267.A,U,61.386,53.576,108.447,nan
H5,267.A,U,57.583,55.041,108.632,nan
H6,267.A,U,57.546,55.064,106.343,nan
P,268.A,U,56.988,50.647,103.321,0.058347
OP2,268.A,U,55.72,50.093,102.784,0.302242
OP1,268.A,U,58.285,50.197,102.753,0.339685
O5',268.A,U,57.018,50.379,104.891,0.028214
C5',268.A,U,57.878,49.397,105.448,0.256152
C4',268.A,U,57.817,49.392,106.955,-0.148501
O4',268.A,U,56.554,48.751,107.292,0.149951
C3',268.A,U,58.9,48.596,107.668,0.099332
O3',268.A,U,59.161,49.066,108.978,0.257449
C1',268.A,U,56.819,47.641,108.108,0.112568
C2',268.A,U,58.25,47.235,107.791,0.183029
O2',268.A,U,58.789,46.505,108.884,0.253079
N1,268.A,U,55.844,46.578,107.764,0.222492
C2,268.A,U,55.253,45.9,108.814,0.215629
O2,268.A,U,55.5,46.138,109.984,0.21189
N3,268.A,U,54.357,44.926,108.448,0.506148
C4,268.A,U,53.997,44.566,107.167,0.504589
O4,268.A,U,53.173,43.665,107.001,0.508468
C5,268.A,U,54.647,45.311,106.132,0.628095
C6,268.A,U,55.523,46.265,106.46,0.035018
H5',268.A,U,58.798,49.581,105.166,nan
H5'',268.A,U,57.613,48.514,105.115,nan
H4',268.A,U,57.799,50.3,107.321,nan
H3',268.A,U,59.74,48.56,107.166,nan
H1',268.A,U,56.748,47.85,109.064,nan
H2',268.A,U,58.312,46.73,106.954,nan
HO2',268.A,U,58.347,45.632,108.934,nan
H3,268.A,U,53.927,44.433,109.177,nan
H5,268.A,U,54.45,45.122,105.19,nan
H6,268.A,U,55.955,46.759,105.734,nan
P,269.A,C,60.09,50.358,109.204,-0.213981
OP2,269.A,C,59.621,51.429,108.29,-0.14538
OP1,269.A,C,60.164,50.62,110.664,0.053763
O5',269.A,C,61.531,49.888,108.715,-0.34462
C5',269.A,C,62.3,48.975,109.483,0.063504
C4',269.A,C,63.424,48.374,108.674,0.277994
O4',269.A,C,62.879,47.703,107.497,0.131645
C3',269.A,C,64.44,49.354,108.108,-0.322627
O3',269.A,C,65.404,49.763,109.063,0.376382
C1',269.A,C,63.774,47.851,106.405,0.35509
C2',269.A,C,65.018,48.585,106.927,-0.3035
O2',269.A,C,65.976,47.629,107.355,0.209573
N1,269.A,C,63.099,48.592,105.311,-0.098125
C2,269.A,C,63.565,48.415,104.002,-0.160753
O2,269.A,C,64.52,47.65,103.797,0.289853
N3,269.A,C,62.967,49.079,102.986,0.316403
C4,269.A,C,61.943,49.895,103.233,-0.053349
N4,269.A,C,61.384,50.53,102.199,0.202311
C5,269.A,C,61.446,50.098,104.552,-0.278359
C6,269.A,C,62.045,49.435,105.549,-0.036928
H5',269.A,C,61.717,48.256,109.803,nan
H5'',269.A,C,62.679,49.446,110.255,nan
H4',269.A,C,63.893,47.713,109.225,nan
H3',269.A,C,63.968,50.143,107.77,nan
H1',269.A,C,64.035,46.963,106.085,nan
H2',269.A,C,65.388,49.192,106.252,nan
HO2',269.A,C,66.326,47.155,106.572,nan
H42,269.A,C,60.629,51.137,102.348,nan
H41,269.A,C,61.729,50.389,101.293,nan
H5,269.A,C,60.692,50.7,104.723,nan
H6,269.A,C,61.718,49.56,106.463,nan
P,270.A,G,65.89,51.294,109.115,0.128463
OP2,270.A,G,64.688,52.161,109.015,-0.069767
OP1,270.A,G,66.81,51.446,110.271,0.388183
O5',270.A,G,66.741,51.475,107.781,-0.286471
C5',270.A,G,67.997,50.832,107.624,0.324197
C4',270.A,G,68.384,50.718,106.17,0.485325
O4',270.A,G,67.258,50.162,105.443,0.388487
C3',270.A,G,68.668,52.028,105.451,-0.156731
O3',270.A,G,70.017,52.446,105.576,0.303253
C1',270.A,G,67.165,50.738,104.155,0.304789
C2',270.A,G,68.363,51.669,104.002,-0.273392
O2',270.A,G,69.433,50.944,103.414,0.315697
N1,270.A,G,63.863,53.083,101.071,0.203647
C2,270.A,G,65.058,52.475,100.772,-0.037321
N2,270.A,G,65.428,52.491,99.483,0.292609
N3,270.A,G,65.835,51.893,101.67,0.114551
C4,270.A,G,65.315,51.969,102.913,0.015384
C5,270.A,G,64.133,52.551,103.318,-0.018263
C6,270.A,G,63.308,53.172,102.344,-0.084513
O6,270.A,G,62.223,53.742,102.504,0.06869
N7,270.A,G,63.959,52.414,104.688,-0.065149
C8,270.A,G,65.019,51.763,105.084,0.115006
N9,270.A,G,65.883,51.461,104.059,0.044462
H5',270.A,G,67.947,49.934,108.013,nan
H5'',270.A,G,68.682,51.348,108.098,nan
H4',270.A,G,69.157,50.124,106.066,nan
H3',270.A,G,68.08,52.745,105.766,nan
H1',270.A,G,67.201,50.044,103.464,nan
H2',270.A,G,68.13,52.464,103.476,nan
HO2',270.A,G,69.221,50.769,102.473,nan
H1,270.A,G,63.36,53.485,100.332,nan
H22,270.A,G,66.272,52.072,99.21,nan
H21,270.A,G,64.857,52.919,98.812,nan
H8,270.A,G,65.181,51.514,106.018,nan
P,271.A,U,70.369,54.008,105.713,0.14315
OP2,271.A,U,69.51,54.58,106.78,-0.001531
OP1,271.A,U,71.845,54.141,105.808,0.197334
O5',271.A,U,69.906,54.631,104.321,-0.18046
C5',271.A,U,70.571,54.292,103.114,0.499913
C4',271.A,U,69.804,54.765,101.904,0.570614
O4',271.A,U,68.493,54.15,101.906,0.424946
C3',271.A,U,69.52,56.258,101.832,-0.119924
O3',271.A,U,70.572,56.994,101.233,0.558152
C1',271.A,U,67.504,55.063,101.469,0.567697
C2',271.A,U,68.23,56.332,101.023,-0.159772
O2',271.A,U,68.491,56.243,99.629,0.364905
N1,271.A,U,66.564,55.317,102.588,0.114578
C2,271.A,U,65.353,55.906,102.273,0.122206
O2,271.A,U,65.039,56.216,101.137,0.416154
N3,271.A,U,64.515,56.122,103.339,0.242715
C4,271.A,U,64.756,55.816,104.662,0.140922
O4,271.A,U,63.899,56.074,105.508,0.175326
C5,271.A,U,66.027,55.209,104.913,0.252927
C6,271.A,U,66.863,54.986,103.893,0.275316
H5',271.A,U,70.672,53.319,103.067,nan
H5'',271.A,U,71.459,54.707,103.111,nan
H4',271.A,U,70.277,54.494,101.09,nan
H3',271.A,U,69.363,56.6,102.736,nan
H1',271.A,U,67.011,54.689,100.709,nan
H2',271.A,U,67.713,57.134,101.244,nan
HO2',271.A,U,69.349,56.676,99.437,nan
H3,271.A,U,63.652,56.539,103.138,nan
H5,271.A,U,66.282,54.957,105.825,nan
H6,271.A,U,67.727,54.571,104.091,nan
P,272.A,G,71.04,58.396,101.864,0.230949
OP2,272.A,G,71.334,58.176,103.303,0.120058
OP1,272.A,G,72.086,58.972,100.981,0.346388
O5',272.A,G,69.744,59.318,101.76,-0.005928
C5',272.A,G,69.18,59.645,100.501,0.3916
C4',272.A,G,67.808,60.253,100.648,0.538271
O4',272.A,G,66.882,59.255,101.154,0.270043
C3',272.A,G,67.689,61.403,101.636,-0.152851
O3',272.A,G,68.097,62.646,101.09,0.356414
C1',272.A,G,65.964,59.85,102.083,0.384701
C2',272.A,G,66.219,61.359,102.023,-0.391683
O2',272.A,G,65.402,61.923,101.007,0.418873
N1,272.A,G,64.108,59.579,106.816,0.014738
C2,272.A,G,63.609,60.235,105.718,0.078901
N2,272.A,G,62.462,60.91,105.899,0.251355
N3,272.A,G,64.187,60.231,104.529,0.331456
C4,272.A,G,65.327,59.507,104.524,0.193912
C5,272.A,G,65.91,58.815,105.563,0.245467
C6,272.A,G,65.279,58.826,106.833,0.119654
O6,272.A,G,65.639,58.274,107.88,0.278417
N7,272.A,G,67.081,58.195,105.148,0.594673
C8,272.A,G,67.185,58.518,103.886,0.549103
N9,272.A,G,66.155,59.312,103.444,0.437939
H5',272.A,G,69.114,58.831,99.957,nan
H5'',272.A,G,69.767,60.286,100.043,nan
H4',272.A,G,67.499,60.557,99.769,nan
H3',272.A,G,68.234,61.205,102.426,nan
H1',272.A,G,65.051,59.661,101.782,nan
H2',272.A,G,66.061,61.784,102.891,nan
HO2',272.A,G,65.952,62.497,100.434,nan
H1,272.A,G,63.602,59.643,107.654,nan
H22,272.A,G,62.058,61.398,105.149,nan
H21,272.A,G,62.028,60.918,106.775,nan
H8,272.A,G,67.924,58.223,103.315,nan
P,273.A,G,68.607,63.824,102.057,0.100456
OP2,273.A,G,69.433,63.213,103.13,-0.049745
OP1,273.A,G,69.183,64.9,101.21,0.323907
O5',273.A,G,67.271,64.384,102.723,-0.317068
C5',273.A,G,66.29,65.046,101.939,0.414488
C4',273.A,G,65.123,65.5,102.782,0.523796
O4',273.A,G,64.443,64.348,103.343,0.202493
C3',273.A,G,65.467,66.354,103.994,-0.318966
O3',273.A,G,65.707,67.712,103.664,0.424358
C1',273.A,G,63.951,64.67,104.662,0.283989
C2',273.A,G,64.26,66.15,104.898,-0.378519
O2',273.A,G,63.153,66.925,104.464,0.278104
N1,273.A,G,63.906,63.145,109.52,0.264945
C2,273.A,G,63.094,64.05,108.88,0.077307
N2,273.A,G,62.142,64.629,109.627,0.223433
N3,273.A,G,63.204,64.366,107.601,0.340787
C4,273.A,G,64.21,63.696,107.0,0.135788
C5,273.A,G,65.077,62.773,107.547,0.216441
C6,273.A,G,64.947,62.444,108.92,0.310353
O6,273.A,G,65.619,61.65,109.589,0.483083
N7,273.A,G,65.972,62.311,106.592,0.374852
C8,273.A,G,65.639,62.949,105.502,0.584736
N9,273.A,G,64.579,63.804,105.679,0.221739
H5',273.A,G,65.964,64.434,101.246,nan
H5'',273.A,G,66.697,65.827,101.509,nan
H4',273.A,G,64.495,65.995,102.214,nan
H3',273.A,G,66.262,65.984,104.431,nan
H1',273.A,G,62.981,64.534,104.673,nan
H2',273.A,G,64.481,66.324,105.837,nan
HO2',273.A,G,63.476,67.651,103.891,nan
H1,273.A,G,63.741,62.981,110.472,nan
H22,273.A,G,61.533,65.282,109.225,nan
H21,273.A,G,62.053,64.4,110.575,nan
H8,273.A,G,66.099,62.827,104.647,nan
P,274.A,C,66.789,68.564,104.493,0.099188
OP2,274.A,C,67.996,67.72,104.679,0.028795
OP1,274.A,C,66.917,69.896,103.848,0.279738
O5',274.A,C,66.107,68.771,105.918,-0.105338
C5',274.A,C,64.929,69.551,106.057,0.430681
C4',274.A,C,64.397,69.509,107.468,0.497528
O4',274.A,C,64.004,68.152,107.807,0.330388
C3',274.A,C,65.375,69.897,108.566,-0.191935
O3',274.A,C,65.494,71.3,108.731,0.496788
C1',274.A,C,64.313,67.874,109.172,0.446021
C2',274.A,C,64.805,69.186,109.785,0.012563
O2',274.A,C,63.693,69.891,110.32,0.409842
N1,274.A,C,65.329,66.795,109.262,0.301533
C2,274.A,C,65.522,66.165,110.497,0.313997
O2,274.A,C,64.844,66.525,111.473,0.402163
N3,274.A,C,66.44,65.178,110.606,0.498335
C4,274.A,C,67.154,64.811,109.542,0.552679
N4,274.A,C,68.05,63.832,109.698,0.46736
C5,274.A,C,66.983,65.431,108.273,0.57237
C6,274.A,C,66.07,66.405,108.177,0.494088
H5',274.A,C,64.245,69.208,105.446,nan
H5'',274.A,C,65.133,70.48,105.82,nan
H4',274.A,C,63.61,70.091,107.524,nan
H3',274.A,C,66.256,69.521,108.359,nan
H1',274.A,C,63.494,67.588,109.628,nan
H2',274.A,C,65.494,69.027,110.465,nan
HO2',274.A,C,63.722,70.819,110.007,nan
H42,274.A,C,68.589,63.539,108.934,nan
H41,274.A,C,68.165,63.408,110.573,nan
H5,274.A,C,67.512,65.154,107.496,nan
H6,274.A,C,65.936,66.846,107.313,nan
P,275.A,U,66.948,71.967,108.815,0.229875
OP2,275.A,U,67.907,70.894,108.449,0.157629
OP1,275.A,U,66.878,73.201,107.992,0.370308
O5',275.A,U,67.24,72.395,110.323,0.193158
C5',275.A,U,66.478,71.862,111.393,0.245484
C4',275.A,U,67.35,71.504,112.574,0.349015
O4',275.A,U,67.268,70.079,112.834,0.151531
C3',275.A,U,68.838,71.767,112.411,-0.33865
O3',275.A,U,69.195,73.115,112.66,0.461486
C1',275.A,U,68.545,69.565,113.217,0.297782
C2',275.A,U,69.458,70.779,113.388,-0.266799
O2',275.A,U,69.358,71.246,114.727,0.289992
N1,275.A,U,69.042,68.63,112.176,0.194068
C2,275.A,U,70.078,67.786,112.529,0.126366
O2,275.A,U,70.584,67.781,113.637,0.334078
N3,275.A,U,70.504,66.939,111.536,0.304747
C4,275.A,U,70.012,66.85,110.251,0.258026
O4,275.A,U,70.504,66.036,109.47,0.354323
C5,275.A,U,68.942,67.755,109.957,0.309309
C6,275.A,U,68.506,68.588,110.906,0.369746
H5',275.A,U,66.014,71.055,111.084,nan
H5'',275.A,U,65.813,72.524,111.677,nan
H4',275.A,U,67.026,71.991,113.361,nan
H3',275.A,U,69.109,71.527,111.498,nan
H1',275.A,U,68.473,69.087,114.07,nan
H2',275.A,U,70.385,70.567,113.148,nan
HO2',275.A,U,69.833,70.628,115.317,nan
H3,275.A,U,71.238,66.332,111.764,nan
H5,275.A,U,68.531,67.76,109.066,nan
H6,275.A,U,67.775,69.197,110.68,nan
P,276.A,G,70.411,73.794,111.859,0.316007
OP2,276.A,G,70.368,73.304,110.457,0.202223
OP1,276.A,G,70.381,75.254,112.126,0.501468
O5',276.A,G,71.714,73.193,112.551,-0.032946
C5',276.A,G,72.061,73.547,113.882,0.50812
C4',276.A,G,73.183,72.689,114.411,0.504815
O4',276.A,G,72.789,71.292,114.383,0.293872
C3',276.A,G,74.479,72.722,113.615,-0.052712
O3',276.A,G,75.287,73.847,113.917,0.39567
C1',276.A,G,73.91,70.465,114.02,0.366711
C2',276.A,G,75.126,71.393,113.976,-0.228857
O2',276.A,G,75.716,71.439,115.268,0.455297
N1,276.A,G,75.545,66.887,110.788,0.36596
C2,276.A,G,76.061,67.27,112.002,0.1878
N2,276.A,G,77.157,66.618,112.415,0.311313
N3,276.A,G,75.54,68.223,112.758,0.470687
C4,276.A,G,74.445,68.774,112.195,0.309106
C5,276.A,G,73.85,68.466,110.991,0.327511
C6,276.A,G,74.418,67.442,110.189,0.201604
O6,276.A,G,74.036,67.022,109.09,0.316383
N7,276.A,G,72.736,69.265,110.771,0.531612
C8,276.A,G,72.676,70.031,111.827,0.481415
N9,276.A,G,73.682,69.786,112.73,0.279216
H5',276.A,G,71.276,73.438,114.458,nan
H5'',276.A,G,72.342,74.487,113.899,nan
H4',276.A,G,73.373,72.948,115.336,nan
H3',276.A,G,74.27,72.726,112.657,nan
H1',276.A,G,74.037,69.794,114.724,nan
H2',276.A,G,75.769,71.106,113.293,nan
HO2',276.A,G,75.867,72.376,115.517,nan
H1,276.A,G,76.004,66.169,110.304,nan
H22,276.A,G,77.57,66.849,113.274,nan
H21,276.A,G,77.547,65.91,111.861,nan
H8,276.A,G,71.983,70.71,111.961,nan
P,277.A,G,76.351,74.391,112.843,0.168343
OP2,277.A,G,75.734,74.293,111.497,0.196786
OP1,277.A,G,76.865,75.698,113.323,0.408285
O5',277.A,G,77.545,73.336,112.916,-0.124326
C5',277.A,G,78.342,73.216,114.085,0.506416
C4',277.A,G,79.436,72.193,113.908,0.464631
O4',277.A,G,78.852,70.875,113.73,0.167768
C3',277.A,G,80.324,72.372,112.687,-0.325083
O3',277.A,G,81.328,73.356,112.87,0.438612
C1',277.A,G,79.66,70.107,112.815,0.369797
C2',277.A,G,80.876,70.971,112.469,-0.230823
O2',277.A,G,81.922,70.681,113.385,0.38062
N1,277.A,G,79.497,67.286,108.579,0.284199
C2,277.A,G,80.476,67.368,109.538,0.18345
N2,277.A,G,81.56,66.598,109.348,0.210734
N3,277.A,G,80.404,68.145,110.605,0.341887
C4,277.A,G,79.253,68.849,110.641,0.293776
C5,277.A,G,78.211,68.84,109.736,0.425098
C6,277.A,G,78.302,68.001,108.595,0.429705
O6,277.A,G,77.484,67.854,107.682,0.481478
N7,277.A,G,77.205,69.708,110.135,0.663508
C8,277.A,G,77.645,70.221,111.252,0.527107
N9,277.A,G,78.88,69.743,111.617,0.243475
H5',277.A,G,77.77,72.946,114.835,nan
H5'',277.A,G,78.745,74.086,114.289,nan
H4',277.A,G,79.997,72.187,114.711,nan
H3',277.A,G,79.769,72.62,111.917,nan
H1',277.A,G,79.959,69.292,113.27,nan
H2',277.A,G,81.159,70.835,111.54,nan
HO2',277.A,G,82.309,69.808,113.162,nan
H1,277.A,G,79.647,66.677,107.825,nan
H22,277.A,G,82.292,66.615,110.0,nan
H21,277.A,G,81.62,66.02,108.561,nan
H8,277.A,G,77.143,70.879,111.778,nan
P,278.A,U,81.808,74.261,111.633,0.201964
OP2,278.A,U,80.605,74.654,110.857,0.287619
OP1,278.A,U,82.719,75.309,112.155,0.404621
O5',278.A,U,82.667,73.261,110.736,-0.070385
C5',278.A,U,83.9,72.737,111.207,0.393273
C4',278.A,U,84.489,71.743,110.235,0.511461
O4',278.A,U,83.613,70.593,110.111,0.252482
C3',278.A,U,84.665,72.23,108.805,-0.280891
O3',278.A,U,85.845,72.996,108.622,0.40037
C1',278.A,U,83.589,70.127,108.76,0.305366
C2',278.A,U,84.65,70.933,108.009,-0.202361
O2',278.A,U,85.895,70.256,108.102,0.308712
N1,278.A,U,82.234,70.307,108.184,0.287731
C2,278.A,U,81.946,69.621,107.02,0.199821
O2,278.A,U,82.747,68.89,106.462,0.264676
N3,278.A,U,80.681,69.818,106.525,0.570324
C4,278.A,U,79.692,70.615,107.062,0.324508
O4,278.A,U,78.601,70.689,106.496,0.350919
C5,278.A,U,80.06,71.294,108.266,0.415583
C6,278.A,U,81.286,71.12,108.771,0.489891
H5',278.A,U,83.749,72.291,112.067,nan
H5'',278.A,U,84.533,73.473,111.334,nan
H4',278.A,U,85.357,71.448,110.579,nan
H3',278.A,U,83.889,72.773,108.55,nan
H1',278.A,U,83.825,69.177,108.738,nan
H2',278.A,U,84.389,71.087,107.076,nan
HO2',278.A,U,86.586,70.893,108.378,nan
H3,278.A,U,80.457,69.341,105.7,nan
H5,278.A,U,79.419,71.882,108.717,nan
H6,278.A,U,81.514,71.596,109.595,nan
P,279.A,G,85.879,74.185,107.543,0.27839
OP2,279.A,G,84.569,74.882,107.585,0.080681
OP1,279.A,G,87.129,74.96,107.749,0.341171
O5',279.A,G,85.992,73.434,106.142,-0.015578
C5',279.A,G,87.17,72.725,105.788,0.510034
C4',279.A,G,86.982,71.943,104.511,0.507717
O4',279.A,G,85.91,70.981,104.674,0.162036
C3',279.A,G,86.574,72.752,103.289,-0.075631
O3',279.A,G,87.666,73.398,102.658,0.319956
C1',279.A,G,85.156,70.868,103.457,0.309596
C2',279.A,G,85.895,71.708,102.412,-0.333337
O2',279.A,G,86.849,70.888,101.754,0.257347
N1,279.A,G,80.466,71.061,101.489,0.535098
C2,279.A,G,81.609,70.506,100.97,0.160352
N2,279.A,G,81.496,69.925,99.766,0.296777
N3,279.A,G,82.782,70.52,101.583,0.409035
C4,279.A,G,82.72,71.142,102.778,0.276554
C5,279.A,G,81.63,71.727,103.388,0.235877
C6,279.A,G,80.379,71.707,102.72,0.151609
O6,279.A,G,79.297,72.171,103.096,0.254191
N7,279.A,G,81.982,72.263,104.62,0.307245
C8,279.A,G,83.257,71.998,104.732,0.352613
N9,279.A,G,83.767,71.32,103.653,0.274996
H5',279.A,G,87.399,72.105,106.512,nan
H5'',279.A,G,87.904,73.362,105.669,nan
H4',279.A,G,87.813,71.463,104.31,nan
H3',279.A,G,85.913,73.425,103.555,nan
H1',279.A,G,85.159,69.928,103.179,nan
H2',279.A,G,85.27,72.121,101.78,nan
HO2',279.A,G,86.382,70.287,101.138,nan
H1,279.A,G,79.647,70.997,100.956,nan
H22,279.A,G,82.278,69.512,99.345,nan
H21,279.A,G,80.63,69.912,99.306,nan
H8,279.A,G,83.792,72.256,105.512,nan
P,280.A,U,87.443,74.781,101.872,0.302523
OP2,280.A,U,86.463,75.592,102.638,0.000361
OP1,280.A,U,88.777,75.35,101.552,0.234995
O5',280.A,U,86.754,74.339,100.505,0.009632
C5',280.A,U,87.474,73.593,99.534,0.483591
C4',280.A,U,86.597,73.203,98.37,0.460283
O4',280.A,U,85.521,72.344,98.827,0.197323
C3',280.A,U,85.885,74.342,97.656,-0.067462
O3',280.A,U,86.707,75.007,96.713,0.340483
C1',280.A,U,84.307,72.648,98.135,0.448663
C2',280.A,U,84.682,73.646,97.037,-0.107636
O2',280.A,U,85.048,72.928,95.868,0.295453
N1,280.A,U,83.306,73.203,99.08,0.295501
C2,280.A,U,81.991,73.234,98.658,0.056159
O2,280.A,U,81.633,72.835,97.563,0.208931
N3,280.A,U,81.1,73.755,99.565,0.461077
C4,280.A,U,81.383,74.238,100.825,0.255117
O4,280.A,U,80.469,74.675,101.524,0.304861
C5,280.A,U,82.764,74.173,101.194,0.38312
C6,280.A,U,83.652,73.67,100.33,0.483563
H5',280.A,U,87.827,72.78,99.952,nan
H5'',280.A,U,88.221,74.133,99.204,nan
H4',280.A,U,87.142,72.713,97.718,nan
H3',280.A,U,85.572,74.992,98.322,nan
H1',280.A,U,83.95,71.834,97.727,nan
H2',280.A,U,83.951,74.276,96.862,nan
HO2',280.A,U,84.347,73.041,95.192,nan
H3,280.A,U,80.162,73.787,99.285,nan
H5,280.A,U,83.055,74.493,102.074,nan
H6,280.A,U,84.591,73.637,100.606,nan
P,281.A,G,86.469,76.56,96.38,0.192575
OP2,281.A,G,86.209,77.268,97.66,0.159681
OP1,281.A,G,87.573,77.018,95.499,0.140287
O5',281.A,G,85.123,76.571,95.527,-0.073428
C5',281.A,G,85.071,75.984,94.237,0.435221
C4',281.A,G,83.667,75.973,93.686,0.272628
O4',281.A,G,82.807,75.188,94.553,0.106037
C3',281.A,G,82.974,77.324,93.602,-0.083817
O3',281.A,G,83.355,78.071,92.459,0.486503
C1',281.A,G,81.498,75.776,94.61,0.35082
C2',281.A,G,81.499,76.942,93.618,-0.138541
O2',281.A,G,81.075,76.466,92.35,0.151251
N1,281.A,G,77.865,77.468,97.75,0.353613
C2,281.A,G,77.786,77.137,96.42,0.18042
N2,281.A,G,76.583,77.274,95.843,0.218153
N3,281.A,G,78.81,76.704,95.704,0.396521
C4,281.A,G,79.942,76.628,96.436,0.138288
C5,281.A,G,80.129,76.931,97.768,0.368928
C6,281.A,G,79.021,77.397,98.525,0.359045
O6,281.A,G,78.984,77.717,99.718,0.446007
N7,281.A,G,81.446,76.716,98.144,0.413169
C8,281.A,G,82.028,76.292,97.055,0.444914
N9,281.A,G,81.173,76.215,95.98,0.20835
H5',281.A,G,85.403,75.062,94.29,nan
H5'',281.A,G,85.649,76.495,93.629,nan
H4',281.A,G,83.679,75.565,92.795,nan
H3',281.A,G,83.179,77.843,94.407,nan
H1',281.A,G,80.849,75.103,94.32,nan
H2',281.A,G,80.939,77.682,93.935,nan
HO2',281.A,G,80.179,76.816,92.161,nan
H1,281.A,G,77.048,77.779,98.191,nan
H22,281.A,G,76.466,77.054,94.896,nan
H21,281.A,G,75.819,77.595,96.368,nan
H8,281.A,G,82.977,76.052,97.008,nan
P,282.A,G,83.745,77.306,91.105,0.302138
OP2,282.A,G,83.54,78.289,90.011,0.157719
OP1,282.A,G,85.097,76.736,91.337,0.209081
O5',282.A,G,82.732,76.097,90.878,0.068366
C5',282.A,G,82.147,75.865,89.606,0.175324
C4',282.A,G,81.973,74.392,89.336,0.505856
O4',282.A,G,82.135,74.129,87.918,0.371124
C3',282.A,G,82.984,73.468,90.0,-0.132282
O3',282.A,G,82.679,73.202,91.359,0.392453
C1',282.A,G,82.779,72.861,87.726,0.277721
C2',282.A,G,82.942,72.233,89.11,-0.243056
O2',282.A,G,81.801,71.434,89.392,0.325016
N1,282.A,G,86.618,70.531,85.329,0.180092
C2,282.A,G,85.482,69.995,85.887,0.221295
N2,282.A,G,85.345,68.663,85.798,0.236055
N3,282.A,G,84.547,70.712,86.489,0.373065
C4,282.A,G,84.842,72.029,86.49,0.257297
C5,282.A,G,85.945,72.664,85.962,0.159499
C6,282.A,G,86.941,71.884,85.318,0.247335
O6,282.A,G,87.992,72.261,84.787,0.208891
N7,282.A,G,85.872,74.034,86.17,0.423984
C8,282.A,G,84.748,74.204,86.81,0.329273
N9,282.A,G,84.072,73.029,87.036,0.243195
H5',282.A,G,82.721,76.253,88.913,nan
H5'',282.A,G,81.269,76.302,89.575,nan
H4',282.A,G,81.071,74.123,89.608,nan
H3',282.A,G,83.875,73.873,89.945,nan
H1',282.A,G,82.189,72.299,87.181,nan
H2',282.A,G,83.771,71.716,89.174,nan
HO2',282.A,G,81.466,71.661,90.284,nan
H1,282.A,G,87.25,69.914,84.905,nan
H22,282.A,G,84.555,68.227,86.178,nan
H21,282.A,G,86.033,68.127,85.354,nan
H8,282.A,G,84.418,75.081,87.099,nan
P,283.A,C,83.853,72.813,92.388,0.23594
OP2,283.A,C,84.971,73.769,92.194,0.306038
OP1,283.A,C,83.248,72.656,93.736,0.303802
O5',283.A,C,84.338,71.378,91.898,-0.059595
C5',283.A,C,83.54,70.224,92.115,0.433493
C4',283.A,C,84.197,68.98,91.568,0.495637
O4',283.A,C,84.414,69.121,90.14,0.267024
C3',283.A,C,85.578,68.655,92.12,-0.136147
O3',283.A,C,85.535,68.026,93.39,0.486894
C1',283.A,C,85.634,68.458,89.767,0.276629
C2',283.A,C,86.176,67.781,91.026,-0.193863
O2',283.A,C,85.668,66.455,91.09,0.342937
N1,283.A,C,86.604,69.419,89.184,0.24549
C2,283.A,C,87.673,68.914,88.434,0.107901
O2,283.A,C,87.78,67.687,88.28,0.148997
N3,283.A,C,88.571,69.769,87.892,0.120501
C4,283.A,C,88.435,71.082,88.072,0.252017
N4,283.A,C,89.344,71.89,87.518,0.26061
C5,283.A,C,87.359,71.628,88.829,0.314732
C6,283.A,C,86.477,70.773,89.358,0.441196
H5',283.A,C,82.673,70.347,91.674,nan
H5'',283.A,C,83.396,70.112,93.077,nan
H4',283.A,C,83.605,68.215,91.725,nan
H3',283.A,C,86.099,69.482,92.189,nan
H1',283.A,C,85.414,67.775,89.098,nan
H2',283.A,C,87.156,67.794,91.048,nan
HO2',283.A,C,85.304,66.297,91.987,nan
H42,283.A,C,89.272,72.86,87.632,nan
H41,283.A,C,90.083,71.509,86.997,nan
H5,283.A,C,87.266,72.596,88.955,nan
H6,283.A,C,85.729,71.127,89.884,nan
P,284.A,U,86.73,68.244,94.442,0.311549
OP2,284.A,U,87.028,69.697,94.505,0.236948
OP1,284.A,U,86.388,67.508,95.686,0.435804
O5',284.A,U,87.974,67.513,93.764,0.063798
C5',284.A,U,87.98,66.108,93.571,0.433701
C4',284.A,U,89.154,65.665,92.732,0.451352
O4',284.A,U,89.09,66.288,91.423,0.194009
C3',284.A,U,90.531,66.043,93.253,-0.196975
O3',284.A,U,90.992,65.178,94.279,0.414666
C1',284.A,U,90.416,66.574,90.954,0.183154
C2',284.A,U,91.385,66.007,91.994,-0.159043
O2',284.A,U,91.717,64.674,91.635,0.249093
N1,284.A,U,90.601,68.033,90.75,0.257388
C2,284.A,U,91.675,68.43,89.976,-0.027376
O2,284.A,U,92.457,67.646,89.468,0.123244
N3,284.A,U,91.806,69.788,89.816,0.06919
C4,284.A,U,90.99,70.77,90.338,0.049069
O4,284.A,U,91.242,71.952,90.103,0.32804
C5,284.A,U,89.9,70.284,91.128,0.316717
C6,284.A,U,89.749,68.967,91.299,0.240694
H5',284.A,U,87.15,65.844,93.123,nan
H5'',284.A,U,88.026,65.664,94.444,nan
H4',284.A,U,89.113,64.691,92.621,nan
H3',284.A,U,90.504,66.961,93.595,nan
H1',284.A,U,90.546,66.111,90.1,nan
H2',284.A,U,92.184,66.568,92.083,nan
HO2',284.A,U,92.647,64.65,91.327,nan
H3,284.A,U,92.56,70.092,89.271,nan
H5,284.A,U,89.27,70.913,91.537,nan
H6,284.A,U,88.996,68.66,91.845,nan
P,285.A,C,92.083,65.692,95.339,0.215266
OP2,285.A,C,91.76,67.097,95.691,0.134731
OP1,285.A,C,92.192,64.673,96.416,0.301261
O5',285.A,C,93.45,65.69,94.522,-0.068152
C5',285.A,C,94.083,64.471,94.163,0.423993
C4',285.A,C,95.297,64.707,93.296,0.341085
O4',285.A,C,94.911,65.41,92.088,-0.02037
C3',285.A,C,96.389,65.578,93.898,-0.242615
O3',285.A,C,97.226,64.874,94.801,0.543424
C1',285.A,C,95.957,66.32,91.697,-0.019891
C2',285.A,C,97.118,66.094,92.666,-0.308567
O2',285.A,C,97.983,65.104,92.127,0.20159
N1,285.A,C,95.482,67.726,91.706,0.03827
C2,285.A,C,96.208,68.679,90.982,-0.064561
O2,285.A,C,97.223,68.323,90.36,0.065072
N3,285.A,C,95.796,69.967,90.973,-0.026864
C4,285.A,C,94.704,70.323,91.65,0.026617
N4,285.A,C,94.335,71.607,91.614,0.239581
C5,285.A,C,93.944,69.379,92.396,0.305298
C6,285.A,C,94.361,68.108,92.398,0.088685
H5',285.A,C,93.444,63.912,93.673,nan
H5'',285.A,C,94.359,64.001,94.979,nan
H4',285.A,C,95.68,63.84,93.05,nan
H3',285.A,C,95.976,66.334,94.366,nan
H1',285.A,C,96.238,66.079,90.79,nan
H2',285.A,C,97.596,66.929,92.855,nan
HO2',285.A,C,98.172,64.434,92.817,nan
H42,285.A,C,93.538,71.9,92.1,nan
H41,285.A,C,94.862,72.254,91.099,nan
H5,285.A,C,93.142,69.65,92.89,nan
H6,285.A,C,93.851,67.443,92.904,nan
P,286.A,C,98.012,65.664,95.958,0.301207
OP2,286.A,C,97.063,66.61,96.598,0.165342
OP1,286.A,C,98.728,64.666,96.794,0.346215
O5',286.A,C,99.102,66.518,95.17,0.127003
C5',286.A,C,100.181,65.882,94.499,0.611954
C4',286.A,C,101.008,66.872,93.713,0.399007
O4',286.A,C,100.182,67.514,92.706,0.019039
C3',286.A,C,101.598,68.029,94.502,-0.242032
O3',286.A,C,102.757,67.669,95.231,0.284009
C1',286.A,C,100.636,68.878,92.518,0.00073
C2',286.A,C,101.854,69.071,93.422,-0.551232
O2',286.A,C,103.029,68.769,92.684,0.101498
N1,286.A,C,99.556,69.852,92.81,-0.032414
C2,286.A,C,99.685,71.158,92.318,0.087412
O2,286.A,C,100.69,71.457,91.656,0.154414
N3,286.A,C,98.714,72.065,92.571,-0.033646
C4,286.A,C,97.644,71.717,93.284,0.063815
N4,286.A,C,96.712,72.645,93.51,0.140201
C5,286.A,C,97.483,70.4,93.8,0.209068
C6,286.A,C,98.449,69.509,93.544,0.104635
H5',286.A,C,99.821,65.207,93.887,nan
H5'',286.A,C,100.753,65.442,95.161,nan
H4',286.A,C,101.733,66.389,93.265,nan
H3',286.A,C,100.922,68.372,95.125,nan
H1',286.A,C,100.908,68.969,91.581,nan
H2',286.A,C,101.883,69.977,93.797,nan
HO2',286.A,C,103.588,68.159,93.21,nan
H42,286.A,C,95.913,72.421,94.031,nan
H41,286.A,C,96.826,73.55,93.154,nan
H5,286.A,C,96.692,70.151,94.323,nan
H6,286.A,C,98.358,68.598,93.89,nan
P,287.A,U,103.175,68.491,96.549,0.281041
OP2,287.A,U,101.947,68.72,97.354,0.120767
OP1,287.A,U,104.343,67.813,97.165,0.305452
O5',287.A,U,103.662,69.899,95.986,0.027639
C5',287.A,U,104.831,69.999,95.187,0.501668
C4',287.A,U,105.01,71.39,94.63,0.573169
O4',287.A,U,103.872,71.739,93.798,0.371387
C3',287.A,U,105.079,72.516,95.649,0.311541
O3',287.A,U,106.348,72.626,96.269,0.582783
C1',287.A,U,103.608,73.158,93.915,0.30423
C2',287.A,U,104.694,73.736,94.825,-0.042065
O2',287.A,U,105.778,74.181,94.024,0.313503
N1,287.A,U,102.243,73.413,94.435,0.114406
C2,287.A,U,101.72,74.678,94.243,0.210804
O2,287.A,U,102.326,75.569,93.675,0.293419
N3,287.A,U,100.455,74.866,94.741,-0.011182
C4,287.A,U,99.672,73.941,95.398,0.065131
O4,287.A,U,98.549,74.265,95.787,0.136736
C5,287.A,U,100.278,72.654,95.561,0.204715
C6,287.A,U,101.509,72.442,95.084,0.214786
H5',287.A,U,104.766,69.364,94.443,nan
H5'',287.A,U,105.612,69.773,95.733,nan
H4',287.A,U,105.821,71.409,94.081,nan
H3',287.A,U,104.396,72.368,96.339,nan
H1',287.A,U,103.691,73.551,93.019,nan
H2',287.A,U,104.34,74.456,95.39,nan
HO2',287.A,U,106.615,73.827,94.395,nan
H3,287.A,U,100.065,75.756,94.616,nan
H5,287.A,U,99.793,71.934,96.016,nan
H6,287.A,U,101.902,71.555,95.21,nan
P,288.A,C,106.479,73.248,97.744,0.40128
OP2,288.A,C,105.409,72.661,98.589,0.252712
OP1,288.A,C,107.899,73.128,98.17,0.368554
O5',288.A,C,106.156,74.796,97.542,0.064331
C5',288.A,C,107.052,75.643,96.838,0.393675
C4',288.A,C,106.491,77.034,96.676,0.500315
O4',288.A,C,105.256,76.985,95.918,0.149325
C3',288.A,C,106.107,77.756,97.958,-0.289463
O3',288.A,C,107.222,78.314,98.635,0.360081
C1',288.A,C,104.353,78.007,96.395,0.256364
C2',288.A,C,105.107,78.793,97.47,-0.257167
O2',288.A,C,105.763,79.894,96.858,0.154639
N1,288.A,C,103.094,77.416,96.911,0.164484
C2,288.A,C,101.979,78.25,97.06,0.078371
O2,288.A,C,102.077,79.451,96.759,0.316364
N3,288.A,C,100.817,77.736,97.526,0.165255
C4,288.A,C,100.739,76.445,97.842,0.137392
N4,288.A,C,99.573,75.981,98.299,0.111484
C5,288.A,C,101.852,75.569,97.703,0.204097
C6,288.A,C,102.995,76.088,97.24,0.329449
H5',288.A,C,107.221,75.26,95.951,nan
H5'',288.A,C,107.897,75.693,97.331,nan
H4',288.A,C,107.142,77.58,96.188,nan
H3',288.A,C,105.65,77.126,98.557,nan
H1',288.A,C,104.149,78.598,95.642,nan
H2',288.A,C,104.507,79.082,98.189,nan
HO2',288.A,C,105.312,80.722,97.122,nan
H42,288.A,C,99.483,75.035,98.539,nan
H41,288.A,C,98.808,76.587,98.395,nan
H5,288.A,C,101.784,74.619,97.938,nan
H6,288.A,C,103.773,75.503,97.136,nan
P,289.A,A,107.167,78.549,100.224,0.189779
OP2,289.A,A,106.433,77.412,100.833,0.180498
OP1,289.A,A,108.54,78.871,100.689,0.34488
O5',289.A,A,106.272,79.857,100.389,-0.14684
C5',289.A,A,106.68,81.096,99.827,0.264116
C4',289.A,A,105.508,82.023,99.621,0.396115
O4',289.A,A,104.44,81.348,98.906,0.063221
C3',289.A,A,104.825,82.527,100.883,-0.25787
O3',289.A,A,105.532,83.581,101.513,0.41199
C1',289.A,A,103.181,81.822,99.342,0.02462
C2',289.A,A,103.455,82.935,100.357,-0.565565
O2',289.A,A,103.514,84.18,99.677,0.070024
N1,289.A,A,98.606,80.216,101.086,0.356058
C2,289.A,A,99.014,81.382,100.569,0.146997
N3,289.A,A,100.222,81.733,100.134,0.360413
C4,289.A,A,101.091,80.715,100.271,0.115905
C5,289.A,A,100.821,79.46,100.784,0.196469
C6,289.A,A,99.503,79.214,101.209,0.089695
N6,289.A,A,99.097,78.053,101.726,0.285094
N7,289.A,A,101.962,78.67,100.771,0.348265
C8,289.A,A,102.88,79.451,100.258,0.156802
N9,289.A,A,102.422,80.704,99.933,0.060504
H5',289.A,A,107.111,80.929,98.963,nan
H5'',289.A,A,107.324,81.523,100.428,nan
H4',289.A,A,105.802,82.791,99.088,nan
H3',289.A,A,104.723,81.782,101.512,nan
H1',289.A,A,102.683,82.19,98.581,nan
H2',289.A,A,102.783,82.943,101.072,nan
HO2',289.A,A,103.282,84.897,100.303,nan
H2,289.A,A,98.324,82.076,100.5,nan
H61,289.A,A,98.164,77.94,102.005,nan
H62,289.A,A,99.73,77.311,101.825,nan
H8,289.A,A,103.808,79.168,100.12,nan
P,290.A,A,105.09,84.091,102.972,0.229268
OP2,290.A,A,104.267,83.028,103.601,0.119081
OP1,290.A,A,106.299,84.594,103.67,0.491492
O5',290.A,A,104.14,85.335,102.673,-0.124042
C5',290.A,A,104.654,86.519,102.081,0.26432
C4',290.A,A,103.566,87.537,101.843,0.3977
O4',290.A,A,102.651,87.006,100.863,0.104698
C3',290.A,A,102.673,87.85,103.034,-0.299456
O3',290.A,A,103.267,88.753,103.95,0.266445
C1',290.A,A,101.357,87.534,101.109,0.228474
C2',290.A,A,101.405,88.374,102.378,-0.358354
O2',290.A,A,101.536,89.743,102.023,0.202708
N1,290.A,A,96.375,86.229,101.294,0.286469
C2,290.A,A,96.993,87.413,101.193,0.312566
N3,290.A,A,98.296,87.681,101.15,0.326547
C4,290.A,A,99.017,86.548,101.225,0.306584
C5,290.A,A,98.527,85.26,101.332,0.218619
C6,290.A,A,97.129,85.11,101.367,0.338705
N6,290.A,A,96.513,83.93,101.468,0.328825
N7,290.A,A,99.567,84.342,101.385,0.134172
C8,290.A,A,100.644,85.083,101.31,0.294679
N9,290.A,A,100.385,86.428,101.211,0.220136
H5',290.A,A,105.073,86.293,101.225,nan
H5'',290.A,A,105.33,86.907,102.675,nan
H4',290.A,A,103.972,88.361,101.501,nan
H3',290.A,A,102.466,87.018,103.508,nan
H1',290.A,A,101.122,88.106,100.348,nan
H2',290.A,A,100.618,88.219,102.942,nan
HO2',290.A,A,100.689,90.055,101.642,nan
H2,290.A,A,96.401,88.193,101.143,nan
H61,290.A,A,95.533,83.889,101.488,nan
H62,290.A,A,97.039,83.105,101.522,nan
H8,290.A,A,101.552,84.712,101.323,nan
P,291.A,G,103.165,88.484,105.531,0.105616
OP2,291.A,G,103.335,87.027,105.761,-0.068746
OP1,291.A,G,104.062,89.446,106.221,0.250665
O5',291.A,G,101.661,88.868,105.892,0.044496
C5',291.A,G,101.06,88.411,107.094,0.292195
C4',291.A,G,99.676,87.864,106.848,0.32262
O4',291.A,G,99.599,87.388,105.482,0.053417
C3',291.A,G,99.273,86.662,107.69,0.183259
O3',291.A,G,98.746,87.025,108.955,0.19114
C1',291.A,G,98.828,86.211,105.419,-0.215547
C2',291.A,G,98.262,85.945,106.813,0.023334
O2',291.A,G,96.978,86.544,106.912,0.066333
N1,291.A,G,99.008,81.425,103.694,0.225762
C2,291.A,G,97.921,82.182,104.06,0.039697
N2,291.A,G,96.721,81.592,103.954,0.164208
N3,291.A,G,98.003,83.428,104.497,0.097449
C4,291.A,G,99.279,83.865,104.542,0.141736
C5,291.A,G,100.433,83.191,104.2,0.230104
C6,291.A,G,100.331,81.855,103.733,0.070757
O6,291.A,G,101.236,81.091,103.381,0.108478
N7,291.A,G,101.548,83.994,104.39,0.3683
C8,291.A,G,101.062,85.121,104.835,0.461707
N9,291.A,G,99.693,85.111,104.951,0.124269
H5',291.A,G,101.001,89.156,107.727,nan
H5'',291.A,G,101.619,87.705,107.482,nan
H4',291.A,G,99.022,88.583,106.979,nan
H3',291.A,G,100.052,86.081,107.814,nan
H1',291.A,G,98.091,86.338,104.786,nan
H2',291.A,G,98.232,84.986,107.011,nan
HO2',291.A,G,96.852,86.88,107.824,nan
H1,291.A,G,98.84,80.511,103.383,nan
H22,291.A,G,95.91,82.084,104.2,nan
H21,291.A,G,96.653,80.67,103.631,nan
H8,291.A,G,101.618,85.895,105.063,nan
P,292.A,G,99.125,86.171,110.263,0.234783
OP2,292.A,G,100.605,86.075,110.337,0.160394
OP1,292.A,G,98.366,86.727,111.412,0.062018
O5',292.A,G,98.552,84.716,109.953,0.14243
C5',292.A,G,97.153,84.476,109.915,-0.079342
C4',292.A,G,96.84,83.107,109.365,-0.057046
O4',292.A,G,97.336,82.991,108.009,-0.332326
C3',292.A,G,97.494,81.935,110.08,0.270163
O3',292.A,G,96.816,81.563,111.268,0.218777
C1',292.A,G,97.859,81.717,107.781,-0.077263
C2',292.A,G,97.503,80.871,108.996,0.36242
O2',292.A,G,96.212,80.308,108.817,0.220057
N1,292.A,G,102.045,79.6,105.803,0.026348
C2,292.A,G,100.744,79.159,105.772,-0.105276
N2,292.A,G,100.523,78.002,105.131,-0.028893
N3,292.A,G,99.732,79.805,106.328,-0.023019
C4,292.A,G,100.13,80.946,106.93,-0.060895
C5,292.A,G,101.4,81.475,107.017,0.000727
C6,292.A,G,102.477,80.773,106.416,-0.060289
O6,292.A,G,103.674,81.078,106.385,-0.044521
N7,292.A,G,101.388,82.671,107.721,-0.01589
C8,292.A,G,100.135,82.843,108.044,-0.024426
N9,292.A,G,99.318,81.834,107.594,-0.113557
H5',292.A,G,96.727,85.154,109.35,nan
H5'',292.A,G,96.792,84.546,110.824,nan
H4',292.A,G,95.868,82.983,109.357,nan
H3',292.A,G,98.416,82.172,110.31,nan
H1',292.A,G,97.458,81.321,106.979,nan
H2',292.A,G,98.178,80.183,109.174,nan
HO2',292.A,G,96.272,79.568,108.176,nan
H1,292.A,G,102.723,79.048,105.359,nan
H22,292.A,G,99.614,77.638,105.077,nan
H21,292.A,G,101.267,77.518,104.717,nan
H8,292.A,G,99.811,83.615,108.553,nan
P,293.A,U,95.213,81.585,111.308,0.224284
OP2,293.A,U,94.85,81.128,109.943,0.065037
OP1,293.A,U,94.748,80.814,112.489,0.081525
O5',293.A,U,94.713,83.089,111.473,-0.08044
C5',293.A,U,93.481,83.514,110.912,0.096013
C4',293.A,U,92.875,84.653,111.695,0.26017
O4',293.A,U,93.745,85.809,111.641,0.319553
C3',293.A,U,91.551,85.193,111.178,-0.056311
O3',293.A,U,90.443,84.392,111.548,0.394682
C1',293.A,U,92.995,86.998,111.629,0.487852
C2',293.A,U,91.526,86.61,111.746,-0.252014
O2',293.A,U,91.151,86.607,113.116,0.343433
N1,293.A,U,93.294,87.692,110.353,0.164852
C2,293.A,U,92.821,88.984,110.212,0.188035
O2,293.A,U,92.185,89.558,111.078,0.29675
N3,293.A,U,93.122,89.587,109.015,0.37178
C4,293.A,U,93.831,89.043,107.965,0.073024
O4,293.A,U,94.018,89.716,106.95,0.09423
C5,293.A,U,94.289,87.705,108.182,0.082207
C6,293.A,U,94.011,87.094,109.338,0.225593
H5',293.A,U,92.855,82.761,110.908,nan
H5'',293.A,U,93.634,83.808,109.99,nan
H4',293.A,U,92.762,84.378,112.629,nan
H3',293.A,U,91.594,85.25,110.201,nan
H1',293.A,U,93.236,87.582,112.38,nan
H2',293.A,U,90.951,87.2,111.215,nan
HO2',293.A,U,91.104,87.533,113.436,nan
H3,293.A,U,92.796,90.503,108.894,nan
H5,293.A,U,94.802,87.24,107.488,nan
H6,293.A,U,94.334,86.178,109.462,nan
P,294.A,G,88.978,84.723,110.978,0.121936
OP2,294.A,G,88.249,83.441,110.811,0.145904
OP1,294.A,G,88.39,85.798,111.818,0.128367
O5',294.A,G,89.254,85.326,109.529,0.33157
C5',294.A,G,88.304,86.172,108.898,0.090131
C4',294.A,G,88.917,86.932,107.749,0.060832
O4',294.A,G,90.332,87.054,107.982,0.616446
C3',294.A,G,88.853,86.252,106.389,0.389858
O3',294.A,G,87.617,86.457,105.726,-0.056114
C1',294.A,G,91.025,86.994,106.779,0.494115
C2',294.A,G,89.985,86.977,105.663,0.141323
O2',294.A,G,89.614,88.306,105.326,0.061294
N1,294.A,G,95.152,84.702,104.875,-0.225599
C2,294.A,G,94.647,85.952,104.611,0.144533
N2,294.A,G,95.326,86.694,103.724,0.077382
N3,294.A,G,93.555,86.441,105.176,-0.011883
C4,294.A,G,92.997,85.566,106.04,0.037878
C5,294.A,G,93.422,84.297,106.374,0.092197
C6,294.A,G,94.594,83.785,105.761,0.134567
O6,294.A,G,95.131,82.683,105.926,0.207545
N7,294.A,G,92.569,83.722,107.305,0.424685
C8,294.A,G,91.659,84.634,107.516,0.179809
N9,294.A,G,91.858,85.777,106.781,-0.030469
H5',294.A,G,87.957,86.81,109.556,nan
H5'',294.A,G,87.563,85.625,108.562,nan
H4',294.A,G,88.52,87.826,107.676,nan
H3',294.A,G,89.035,85.292,106.439,nan
H1',294.A,G,91.599,87.782,106.679,nan
H2',294.A,G,90.288,86.475,104.877,nan
HO2',294.A,G,88.638,88.357,105.257,nan
H1,294.A,G,95.968,84.433,104.404,nan
H22,294.A,G,95.012,87.594,103.497,nan
H21,294.A,G,96.135,86.338,103.302,nan
H8,294.A,G,90.91,84.514,108.137,nan
P,295.A,C,87.059,85.353,104.7,0.257972
OP2,295.A,C,87.147,84.026,105.359,0.355204
OP1,295.A,C,85.752,85.828,104.18,0.101409
O5',295.A,C,88.105,85.378,103.499,0.452683
C5',295.A,C,88.182,86.491,102.621,0.080761
C4',295.A,C,89.474,86.498,101.841,0.444669
O4',295.A,C,90.606,86.298,102.734,0.43341
C3',295.A,C,89.654,85.374,100.833,0.505013
O3',295.A,C,88.981,85.615,99.61,0.420887
C1',295.A,C,91.637,85.599,102.094,0.539587
C2',295.A,C,91.169,85.376,100.654,0.146112
O2',295.A,C,91.59,86.469,99.852,0.248351
N1,295.A,C,91.853,84.323,102.82,0.055446
C2,295.A,C,93.0,83.576,102.526,0.099983
O2,295.A,C,93.796,83.998,101.673,-0.181667
N3,295.A,C,93.221,82.41,103.175,-0.038373
C4,295.A,C,92.35,81.978,104.087,0.069777
N4,295.A,C,92.608,80.821,104.702,0.151648
C5,295.A,C,91.174,82.713,104.408,0.105379
C6,295.A,C,90.967,83.866,103.761,-0.02119
H5',295.A,C,88.12,87.316,103.146,nan
H5'',295.A,C,87.43,86.454,101.993,nan
H4',295.A,C,89.567,87.356,101.379,nan
H3',295.A,C,89.36,84.513,101.197,nan
H1',295.A,C,92.471,86.114,102.084,nan
H2',295.A,C,91.488,84.521,100.298,nan
HO2',295.A,C,92.505,86.305,99.543,nan
H42,295.A,C,91.988,80.476,105.377,nan
H41,295.A,C,93.419,80.317,104.477,nan
H5,295.A,C,90.54,82.388,105.081,nan
H6,295.A,C,90.164,84.387,103.968,nan
P,296.A,G,89.19,84.624,98.363,0.460581
OP2,296.A,G,89.031,83.23,98.851,0.493586
OP1,296.A,G,88.346,85.11,97.241,0.422904
O5',296.A,G,90.715,84.832,97.956,0.534735
C5',296.A,G,91.603,83.728,97.868,0.656059
C4',296.A,G,93.008,84.17,97.543,0.584607
O4',296.A,G,93.916,83.737,98.589,0.531375
C3',296.A,G,93.611,83.595,96.27,0.130725
O3',296.A,G,93.198,84.281,95.101,0.371717
C1',296.A,G,95.172,83.342,98.026,0.159395
C2',296.A,G,95.107,83.689,96.538,0.096437
O2',296.A,G,95.58,85.016,96.352,0.23786
N1,296.A,G,98.564,79.55,97.854,0.392966
C2,296.A,G,98.72,80.878,97.539,0.597213
N2,296.A,G,99.94,81.252,97.124,0.304709
N3,296.A,G,97.755,81.779,97.628,0.526967
C4,296.A,G,96.597,81.235,98.058,0.394147
C5,296.A,G,96.335,79.924,98.399,0.34069
C6,296.A,G,97.381,78.969,98.301,0.234303
O6,296.A,G,97.347,77.76,98.556,0.291377
N7,296.A,G,95.014,79.772,98.797,0.414992
C8,296.A,G,94.507,80.97,98.693,0.317652
N9,296.A,G,95.412,81.904,98.251,0.362547
H5',296.A,G,91.289,83.119,97.168,nan
H5'',296.A,G,91.608,83.253,98.726,nan
H4',296.A,G,93.029,85.149,97.487,nan
H3',296.A,G,93.359,82.65,96.194,nan
H1',296.A,G,95.885,83.864,98.452,nan
H2',296.A,G,95.61,83.045,95.997,nan
HO2',296.A,G,94.942,85.506,95.796,nan
H1,296.A,G,99.344,78.966,97.755,nan
H22,296.A,G,100.111,82.188,96.887,nan
H21,296.A,G,100.661,80.592,97.058,nan
H8,296.A,G,93.575,81.181,98.911,nan
P,297.A,A,93.09,83.499,93.7,0.078803
OP2,297.A,A,92.555,82.141,93.973,0.306936
OP1,297.A,A,92.391,84.381,92.733,0.266779
O5',297.A,A,94.603,83.346,93.227,-0.131081
C5',297.A,A,95.361,84.481,92.833,0.329702
C4',297.A,A,96.791,84.111,92.525,0.47266
O4',297.A,A,97.428,83.581,93.716,-0.009582
C3',297.A,A,96.989,83.023,91.482,-0.24417
O3',297.A,A,96.904,83.507,90.153,0.417739
C1',297.A,A,98.311,82.505,93.371,0.146633
C2',297.A,A,98.359,82.463,91.842,-0.235937
O2',297.A,A,99.399,83.316,91.39,0.241203
N1,297.A,A,99.45,77.6,94.471,0.384432
C2,297.A,A,100.159,78.583,93.901,0.328813
N3,297.A,A,99.8,79.839,93.644,0.3943
C4,297.A,A,98.536,80.064,94.045,0.245963
C5,297.A,A,97.684,79.156,94.648,0.252783
C6,297.A,A,98.184,77.86,94.864,0.225798
N6,297.A,A,97.478,76.88,95.432,0.284025
N7,297.A,A,96.457,79.743,94.922,0.319667
C8,297.A,A,96.593,80.973,94.489,0.253079
N9,297.A,A,97.826,81.236,93.947,0.122706
H5',297.A,A,95.351,85.141,93.559,nan
H5'',297.A,A,94.954,84.878,92.035,nan
H4',297.A,A,97.272,84.918,92.239,nan
H3',297.A,A,96.312,82.325,91.614,nan
H1',297.A,A,99.206,82.7,93.718,nan
H2',297.A,A,98.471,81.548,91.513,nan
HO2',297.A,A,99.051,83.898,90.683,nan
H2,297.A,A,101.071,78.343,93.634,nan
H61,297.A,A,97.881,75.995,95.557,nan
H62,297.A,A,96.557,77.044,95.726,nan
H8,297.A,A,95.878,81.643,94.548,nan
P,298.A,G,96.364,82.553,88.978,0.128772
OP2,298.A,G,95.256,81.729,89.529,0.190213
OP1,298.A,G,96.127,83.391,87.775,0.303552
O5',298.A,G,97.591,81.586,88.671,-0.033236
C5',298.A,G,98.782,82.084,88.078,0.21334
C4',298.A,G,99.851,81.022,88.005,0.369671
O4',298.A,G,100.187,80.569,89.342,0.041791
C3',298.A,G,99.476,79.747,87.264,-0.285136
O3',298.A,G,99.601,79.867,85.856,0.375343
C1',298.A,G,100.435,79.156,89.341,0.079298
C2',298.A,G,100.417,78.719,87.875,-0.41557
O2',298.A,G,101.726,78.838,87.342,0.163774
N1,298.A,G,99.087,74.777,91.558,0.457349
C2,298.A,G,100.212,75.077,90.829,0.226268
N2,298.A,G,101.098,74.085,90.666,0.377923
N3,298.A,G,100.452,76.266,90.298,0.373451
C4,298.A,G,99.461,77.145,90.557,0.078223
C5,298.A,G,98.299,76.946,91.273,0.235892
C6,298.A,G,98.053,75.667,91.836,0.228276
O6,298.A,G,97.082,75.293,92.503,0.309222
N7,298.A,G,97.538,78.106,91.308,0.332296
C8,298.A,G,98.238,78.971,90.628,0.374101
N9,298.A,G,99.416,78.455,90.144,0.047644
H5',298.A,G,99.113,82.835,88.612,nan
H5'',298.A,G,98.581,82.399,87.172,nan
H4',298.A,G,100.65,81.407,87.588,nan
H3',298.A,G,98.55,79.508,87.484,nan
H1',298.A,G,101.323,78.987,89.72,nan
H2',298.A,G,100.065,77.809,87.778,nan
HO2',298.A,G,101.682,79.32,86.489,nan
H1,298.A,G,99.003,73.866,91.909,nan
H22,298.A,G,101.921,74.241,90.155,nan
H21,298.A,G,100.928,73.203,91.056,nan
H8,298.A,G,97.951,79.898,90.479,nan
P,299.A,G,98.611,79.053,84.886,0.212173
OP2,299.A,G,97.268,79.022,85.519,0.208433
OP1,299.A,G,98.765,79.595,83.511,0.388965
O5',299.A,G,99.194,77.569,84.899,0.096286
C5',299.A,G,100.443,77.271,84.291,0.514831
C4',299.A,G,100.891,75.865,84.605,0.592115
O4',299.A,G,101.012,75.697,86.043,0.211119
C3',299.A,G,99.944,74.753,84.182,0.091392
O3',299.A,G,100.071,74.408,82.813,0.402626
C1',299.A,G,100.566,74.388,86.431,-0.047642
C2',299.A,G,100.312,73.624,85.133,-0.315385
O2',299.A,G,101.513,72.984,84.732,0.272728
N1,299.A,G,97.369,71.848,89.47,0.530357
C2,299.A,G,98.481,71.4,88.802,0.377535
N2,299.A,G,98.788,70.102,88.961,0.402736
N3,299.A,G,99.239,72.165,88.034,0.53388
C4,299.A,G,98.791,73.435,87.986,0.064314
C5,299.A,G,97.693,73.985,88.615,0.253593
C6,299.A,G,96.886,73.153,89.435,0.17804
O6,299.A,G,95.873,73.453,90.077,0.306284
N7,299.A,G,97.572,75.333,88.308,0.258981
C8,299.A,G,98.579,75.574,87.512,0.352769
N9,299.A,G,99.359,74.468,87.276,0.123343
H5',299.A,G,101.117,77.903,84.619,nan
H5'',299.A,G,100.358,77.371,83.321,nan
H4',299.A,G,101.766,75.711,84.192,nan
H3',299.A,G,99.021,75.033,84.357,nan
H1',299.A,G,101.286,73.952,86.933,nan
H2',299.A,G,99.575,72.983,85.232,nan
HO2',299.A,G,101.679,73.176,83.785,nan
H1,299.A,G,96.874,71.2,90.016,nan
H22,299.A,G,99.572,69.726,88.507,nan
H21,299.A,G,98.231,69.53,89.527,nan
H8,299.A,G,98.76,76.456,87.125,nan
P,300.A,G,98.842,73.727,82.034,0.067191
OP2,300.A,G,97.59,74.384,82.489,0.094071
OP1,300.A,G,99.171,73.7,80.585,0.387957
O5',300.A,G,98.832,72.226,82.566,-0.152611
C5',300.A,G,99.897,71.337,82.26,0.404626
C4',300.A,G,99.654,69.962,82.83,0.524887
O4',300.A,G,99.636,70.029,84.28,0.083193
C3',300.A,G,98.323,69.318,82.474,-0.165913
O3',300.A,G,98.315,68.74,81.179,0.416839
C1',300.A,G,98.676,69.077,84.797,0.224319
C2',300.A,G,98.132,68.305,83.594,-0.389333
O2',300.A,G,98.932,67.15,83.388,0.162075
N1,300.A,G,94.676,68.575,87.905,0.277856
C2,300.A,G,95.498,67.61,87.377,0.190014
N2,300.A,G,95.225,66.343,87.716,0.302588
N3,300.A,G,96.517,67.868,86.573,0.408715
C4,300.A,G,96.651,69.19,86.334,0.242977
C5,300.A,G,95.885,70.232,86.81,0.499998
C6,300.A,G,94.794,69.942,87.671,0.438142
O6,300.A,G,93.999,70.727,88.198,0.417081
N7,300.A,G,96.351,71.447,86.328,0.415373
C8,300.A,G,97.372,71.128,85.581,0.459347
N9,300.A,G,97.61,69.774,85.539,0.327602
H5',300.A,G,100.73,71.695,82.632,nan
H5'',300.A,G,99.987,71.268,81.285,nan
H4',300.A,G,100.38,69.369,82.548,nan
H3',300.A,G,97.614,69.993,82.528,nan
H1',300.A,G,99.142,68.458,85.399,nan
H2',300.A,G,97.187,68.075,83.715,nan
HO2',300.A,G,99.184,67.1,82.443,nan
H1,300.A,G,93.948,68.28,88.491,nan
H22,300.A,G,95.778,65.611,87.37,nan
H21,300.A,G,94.471,66.144,88.312,nan
H8,300.A,G,97.914,71.786,85.099,nan
P,301.A,G,96.968,68.738,80.304,0.2421
OP2,301.A,G,96.319,70.065,80.454,0.182268
OP1,301.A,G,97.302,68.233,78.947,0.475421
O5',301.A,G,96.045,67.654,81.019,-0.104237
C5',301.A,G,96.402,66.279,81.022,0.467847
C4',301.A,G,95.466,65.465,81.88,0.513626
O4',301.A,G,95.541,65.919,83.256,0.280388
C3',301.A,G,93.987,65.568,81.537,-0.070756
O3',301.A,G,93.611,64.731,80.455,0.436799
C1',301.A,G,94.249,65.871,83.865,0.416824
C2',301.A,G,93.314,65.205,82.853,-0.191302
O2',301.A,G,93.327,63.801,83.068,0.414599
N1,301.A,G,90.796,68.641,86.379,0.589726
C2,301.A,G,90.901,67.278,86.257,0.205171
N2,301.A,G,89.967,66.55,86.886,0.282499
N3,301.A,G,91.854,66.668,85.57,0.50926
C4,301.A,G,92.706,67.547,85.002,0.459778
C5,301.A,G,92.691,68.924,85.061,0.388989
C6,301.A,G,91.663,69.565,85.802,0.314757
O6,301.A,G,91.479,70.774,85.975,0.359868
N7,301.A,G,93.747,69.461,84.34,0.434755
C8,301.A,G,94.376,68.421,83.863,0.47534
N9,301.A,G,93.798,67.228,84.227,0.529986
H5',301.A,G,97.315,66.186,81.365,nan
H5'',301.A,G,96.372,65.939,80.101,nan
H4',301.A,G,95.735,64.524,81.839,nan
H3',301.A,G,93.772,66.497,81.313,nan
H1',301.A,G,94.301,65.319,84.672,nan
H2',301.A,G,92.407,65.573,82.907,nan
HO2',301.A,G,93.466,63.347,82.211,nan
H1,301.A,G,90.053,68.994,86.912,nan
H22,301.A,G,89.992,65.571,86.835,nan
H21,301.A,G,89.259,66.995,87.397,nan
H8,301.A,G,95.177,68.485,83.305,nan
P,302.A,C,92.409,65.164,79.48,0.085894
OP2,302.A,C,92.529,66.621,79.224,0.136376
OP1,302.A,C,92.382,64.217,78.337,0.369186
O5',302.A,C,91.097,64.921,80.351,-0.050233
C5',302.A,C,90.706,63.611,80.732,0.472799
C4',302.A,C,89.52,63.63,81.664,0.472677
O4',302.A,C,89.863,64.343,82.884,0.282499
C3',302.A,C,88.278,64.348,81.155,-0.161511
O3',302.A,C,87.491,63.546,80.291,0.431307
C1',302.A,C,88.747,65.103,83.345,0.351116
C2',302.A,C,87.568,64.737,82.443,-0.181716
O2',302.A,C,86.882,63.628,83.009,0.358001
N1,302.A,C,89.055,66.554,83.31,0.277177
C2,302.A,C,88.229,67.426,84.03,0.320853
O2,302.A,C,87.274,66.963,84.671,0.344702
N3,302.A,C,88.488,68.753,84.015,0.331018
C4,302.A,C,89.521,69.225,83.318,0.19735
N4,302.A,C,89.738,70.542,83.332,0.236477
C5,302.A,C,90.378,68.366,82.575,0.333308
C6,302.A,C,90.114,67.053,82.598,0.422007
H5',302.A,C,91.458,63.17,81.179,nan
H5'',302.A,C,90.472,63.102,79.927,nan
H4',302.A,C,89.284,62.708,81.891,nan
H3',302.A,C,88.55,65.162,80.68,nan
H1',302.A,C,88.549,64.835,84.266,nan
H2',302.A,C,86.969,65.502,82.308,nan
HO2',302.A,C,86.742,62.951,82.315,nan
H42,302.A,C,90.489,70.92,82.83,nan
H41,302.A,C,89.145,71.131,83.845,nan
H5,302.A,C,91.137,68.722,82.065,nan
H6,302.A,C,90.692,66.446,82.093,nan
P,303.A,A,86.7,64.231,79.08,0.137227
OP2,303.A,A,87.592,65.299,78.564,0.166908
OP1,303.A,A,86.286,63.123,78.183,0.443878
O5',303.A,A,85.38,64.925,79.648,-0.037504
C5',303.A,A,84.309,64.146,80.155,0.320011
C4',303.A,A,83.223,65.014,80.739,0.430509
O4',303.A,A,83.701,65.649,81.953,0.25705
C3',303.A,A,82.757,66.174,79.873,-0.211467
O3',303.A,A,81.815,65.787,78.887,0.426452
C1',303.A,A,83.191,66.981,82.052,0.360675
C2',303.A,A,82.201,67.152,80.899,-0.146485
O2',303.A,A,80.91,66.759,81.339,0.298652
N1,303.A,A,84.621,71.87,82.831,0.330912
C2,303.A,A,83.453,71.236,82.996,0.407859
N3,303.A,A,83.151,69.96,82.774,0.429883
C4,303.A,A,84.224,69.288,82.321,0.353904
C5,303.A,A,85.489,69.802,82.101,0.260029
C6,303.A,A,85.68,71.168,82.376,0.099917
N6,303.A,A,86.844,71.8,82.211,0.253863
N7,303.A,A,86.345,68.813,81.633,0.334655
C8,303.A,A,85.591,67.742,81.582,0.453791
N9,303.A,A,84.295,67.959,81.984,0.412026
H5',303.A,A,84.649,63.548,80.852,nan
H5'',303.A,A,83.931,63.606,79.429,nan
H4',303.A,A,82.449,64.452,80.958,nan
H3',303.A,A,83.535,66.578,79.433,nan
H1',303.A,A,82.72,67.079,82.904,nan
H2',303.A,A,82.204,68.072,80.558,nan
HO2',303.A,A,80.552,67.448,81.936,nan
H2,303.A,A,82.716,71.793,83.328,nan
H61,303.A,A,86.917,72.756,82.419,nan
H62,303.A,A,87.626,71.31,81.883,nan
H8,303.A,A,85.921,66.868,81.285,nan
P,304.A,A,81.715,66.595,77.503,0.252227
OP2,304.A,A,83.094,66.92,77.059,0.176188
OP1,304.A,A,80.808,65.847,76.597,0.432122
O5',304.A,A,80.996,67.96,77.905,0.162866
C5',304.A,A,79.642,67.971,78.335,0.490703
C4',304.A,A,79.205,69.352,78.754,0.567363
O4',304.A,A,79.99,69.792,79.892,0.210201
C3',304.A,A,79.396,70.454,77.723,-0.060828
O3',304.A,A,78.361,70.493,76.754,0.410563
C1',304.A,A,80.265,71.194,79.792,0.403566
C2',304.A,A,79.477,71.705,78.585,-0.128419
O2',304.A,A,78.188,72.117,79.016,0.36444
N1,304.A,A,84.067,74.665,79.973,0.232801
C2,304.A,A,82.747,74.768,80.165,0.312054
N3,304.A,A,81.812,73.821,80.101,0.468273
C4,304.A,A,82.361,72.632,79.799,0.357738
C5,304.A,A,83.7,72.369,79.575,0.245966
C6,304.A,A,84.586,73.456,79.671,0.227441
N6,304.A,A,85.905,73.356,79.481,0.206414
N7,304.A,A,83.896,71.025,79.289,0.265757
C8,304.A,A,82.691,70.513,79.346,0.309821
N9,304.A,A,81.714,71.428,79.65,0.439522
H5',304.A,A,79.542,67.36,79.095,nan
H5'',304.A,A,79.071,67.662,77.601,nan
H4',304.A,A,78.259,69.321,79.011,nan
H3',304.A,A,80.256,70.323,77.268,nan
H1',304.A,A,79.941,71.637,80.603,nan
H2',304.A,A,79.954,72.429,78.127,nan
HO2',304.A,A,78.268,72.967,79.498,nan
H2,304.A,A,82.42,75.666,80.38,nan
H61,304.A,A,86.474,74.15,79.561,nan
H62,304.A,A,86.303,72.488,79.262,nan
H8,304.A,A,82.505,69.565,79.186,nan
P,305.A,G,78.661,71.035,75.273,0.092831
OP2,305.A,G,79.989,70.518,74.854,0.087391
OP1,305.A,G,77.467,70.761,74.432,0.208353
O5',305.A,G,78.784,72.613,75.454,0.048761
C5',305.A,G,77.658,73.394,75.825,0.463479
C4',305.A,G,78.026,74.846,76.014,0.52723
O4',305.A,G,78.976,74.972,77.104,0.393973
C3',305.A,G,78.721,75.516,74.839,0.314358
O3',305.A,G,77.819,75.944,73.833,0.562235
C1',305.A,G,79.926,75.999,76.814,0.386128
C2',305.A,G,79.479,76.654,75.507,-0.00603
O2',305.A,G,78.616,77.741,75.807,0.329119
N1,305.A,G,84.918,76.983,76.683,0.227741
C2,305.A,G,83.859,77.852,76.791,0.403182
N2,305.A,G,84.163,79.154,76.878,0.404176
N3,305.A,G,82.592,77.47,76.816,0.546671
C4,305.A,G,82.465,76.131,76.72,0.355822
C5,305.A,G,83.456,75.177,76.606,0.25764
C6,305.A,G,84.81,75.599,76.582,0.160852
O6,305.A,G,85.831,74.908,76.488,0.191464
N7,305.A,G,82.909,73.904,76.534,0.295425
C8,305.A,G,81.62,74.102,76.6,0.285401
N9,305.A,G,81.282,75.429,76.713,0.429931
H5',305.A,G,77.288,73.047,76.662,nan
H5'',305.A,G,76.976,73.326,75.123,nan
H4',305.A,G,77.218,75.353,76.236,nan
H3',305.A,G,79.366,74.89,74.446,nan
H1',305.A,G,79.902,76.663,77.535,nan
H2',305.A,G,80.248,76.941,74.968,nan
HO2',305.A,G,79.146,78.482,76.167,nan
H1,305.A,G,85.82,77.366,76.673,nan
H22,305.A,G,83.447,79.82,76.957,nan
H21,305.A,G,85.099,79.444,76.859,nan
H8,305.A,G,80.963,73.376,76.573,nan
P,306.A,U,78.254,75.899,72.285,0.394622
OP2,306.A,U,79.0,74.635,72.057,0.218043
OP1,306.A,U,77.056,76.205,71.463,0.526515
O5',306.A,U,79.278,77.109,72.138,0.246933
C5',306.A,U,78.842,78.455,72.272,0.52451
C4',306.A,U,80.005,79.414,72.327,0.580498
O4',306.A,U,80.837,79.117,73.478,0.273524
C3',306.A,U,80.969,79.367,71.152,0.372472
O3',306.A,U,80.525,80.124,70.04,0.546757
C1',306.A,U,82.211,79.258,73.158,0.220757
C2',306.A,U,82.265,79.881,71.764,-0.251087
O2',306.A,U,82.248,81.296,71.889,0.411255
N1,306.A,U,82.889,77.94,73.212,0.13791
C2,306.A,U,84.267,77.941,73.312,0.106345
O2,306.A,U,84.93,78.964,73.358,0.267293
N3,306.A,U,84.851,76.7,73.359,-0.048427
C4,306.A,U,84.212,75.479,73.315,0.067337
O4,306.A,U,84.88,74.445,73.366,0.176336
C5,306.A,U,82.787,75.553,73.211,0.196451
C6,306.A,U,82.194,76.75,73.165,0.032583
H5',306.A,U,78.319,78.539,73.096,nan
H5'',306.A,U,78.274,78.685,71.508,nan
H4',306.A,U,79.655,80.325,72.413,nan
H3',306.A,U,81.094,78.434,70.875,nan
H1',306.A,U,82.633,79.864,73.802,nan
H2',306.A,U,83.048,79.571,71.263,nan
HO2',306.A,U,81.571,81.662,71.282,nan
H3,306.A,U,85.828,76.68,73.43,nan
H5,306.A,U,82.252,74.732,73.173,nan
H6,306.A,U,81.217,76.773,73.093,nan
P,307.A,A,80.922,79.68,68.546,0.487716
OP2,307.A,A,80.982,78.198,68.507,0.34771
OP1,307.A,A,80.035,80.404,67.601,0.467944
O5',307.A,A,82.402,80.237,68.359,0.171019
C5',307.A,A,82.649,81.632,68.257,0.417441
C4',307.A,A,84.124,81.941,68.327,0.510701
O4',307.A,A,84.667,81.459,69.586,0.246167
C3',307.A,A,84.995,81.281,67.271,-0.213764
O3',307.A,A,84.997,81.982,66.038,0.377056
C1',307.A,A,85.97,80.914,69.392,0.223323
C2',307.A,A,86.357,81.231,67.947,-0.264344
O2',307.A,A,86.999,82.498,67.909,0.334302
N1,307.A,A,88.864,76.78,70.435,0.267928
C2,307.A,A,89.173,78.066,70.221,0.333479
N3,307.A,A,88.369,79.092,69.956,0.477243
C4,307.A,A,87.085,78.69,69.911,0.250202
C5,307.A,A,86.612,77.406,70.107,0.116716
C6,307.A,A,87.566,76.41,70.383,0.235641
N6,307.A,A,87.259,75.129,70.594,0.269091
N7,307.A,A,85.229,77.368,69.988,0.405781
C8,307.A,A,84.903,78.609,69.726,0.367485
N9,307.A,A,85.976,79.464,69.664,0.204443
H5',307.A,A,82.191,82.094,68.991,nan
H5'',307.A,A,82.294,81.959,67.404,nan
H4',307.A,A,84.246,82.913,68.279,nan
H3',307.A,A,84.679,80.366,67.119,nan
H1',307.A,A,86.59,81.363,70.002,nan
H2',307.A,A,86.923,80.527,67.565,nan
HO2',307.A,A,87.903,82.408,68.275,nan
H2,307.A,A,90.129,78.282,70.269,nan
H61,307.A,A,87.967,74.479,70.783,nan
H62,307.A,A,86.323,74.838,70.564,nan
H8,307.A,A,83.978,78.902,69.585,nan
P,308.A,U,85.175,81.184,64.655,0.141873
OP2,308.A,U,84.271,80.006,64.685,0.27306
OP1,308.A,U,85.069,82.162,63.543,0.293735
O5',308.A,U,86.676,80.654,64.706,0.022085
C5',308.A,U,87.769,81.56,64.693,0.386899
C4',308.A,U,89.072,80.864,65.006,0.545735
O4',308.A,U,89.013,80.276,66.331,0.199302
C3',308.A,U,89.443,79.699,64.1,-0.138807
O3',308.A,U,90.064,80.111,62.894,0.43384
C1',308.A,U,89.662,79.02,66.355,0.100654
C2',308.A,U,90.345,78.857,64.994,-0.275195
O2',308.A,U,91.654,79.406,65.068,0.218513
N1,308.A,U,88.691,77.933,66.627,0.080801
C2,308.A,U,89.205,76.712,67.026,0.041332
O2,308.A,U,90.397,76.504,67.157,0.171176
N3,308.A,U,88.268,75.738,67.268,-0.061135
C4,308.A,U,86.9,75.854,67.156,0.133127
O4,308.A,U,86.187,74.88,67.41,0.192216
C5,308.A,U,86.44,77.143,66.74,0.202567
C6,308.A,U,87.329,78.112,66.499,0.179044
H5',308.A,U,87.614,82.258,65.362,nan
H5'',308.A,U,87.833,81.972,63.808,nan
H4',308.A,U,89.795,81.527,64.983,nan
H3',308.A,U,88.635,79.186,63.889,nan
H1',308.A,U,90.342,79.031,67.06,nan
H2',308.A,U,90.36,77.921,64.71,nan
HO2',308.A,U,91.794,80.002,64.303,nan
H3,308.A,U,88.611,74.865,67.551,nan
H5,308.A,U,85.481,77.316,66.634,nan
H6,308.A,U,86.99,78.985,66.214,nan
P,309.A,A,89.734,79.355,61.514,0.10677
OP2,309.A,A,88.278,79.07,61.484,0.271223
OP1,309.A,A,90.355,80.125,60.408,0.333839
O5',309.A,A,90.505,77.966,61.643,-0.144594
C5',309.A,A,91.922,77.924,61.721,0.305341
C4',309.A,A,92.422,76.521,61.957,0.416312
O4',309.A,A,92.139,76.114,63.314,0.200113
C3',309.A,A,91.75,75.427,61.142,-0.209868
O3',309.A,A,92.247,75.335,59.818,0.325575
C1',309.A,A,91.941,74.726,63.374,0.088659
C2',309.A,A,92.133,74.199,61.953,-0.351722
O2',309.A,A,93.499,73.859,61.759,0.278145
N1,309.A,A,88.655,71.38,65.509,0.261649
C2,309.A,A,89.941,71.275,65.151,0.430555
N3,309.A,A,90.738,72.188,64.599,0.420905
C4,309.A,A,90.077,73.344,64.41,0.311988
C5,309.A,A,88.756,73.604,64.726,0.191175
C6,309.A,A,88.021,72.555,65.306,0.106611
N6,309.A,A,86.739,72.658,65.663,0.237532
N7,309.A,A,88.419,74.907,64.389,0.42044
C8,309.A,A,89.524,75.398,63.886,0.309353
N9,309.A,A,90.568,74.506,63.868,0.124275
H5',309.A,A,92.219,78.497,62.458,nan
H5'',309.A,A,92.3,78.261,60.882,nan
H4',309.A,A,93.392,76.502,61.818,nan
H3',309.A,A,90.778,75.556,61.17,nan
H1',309.A,A,92.579,74.286,63.975,nan
H2',309.A,A,91.54,73.442,61.763,nan
HO2',309.A,A,93.695,73.035,62.251,nan
H2,309.A,A,90.355,70.402,65.32,nan
H61,309.A,A,86.278,71.891,66.063,nan
H62,309.A,A,86.258,73.501,65.525,nan
H8,309.A,A,89.599,76.317,63.552,nan
P,310.A,G,91.302,74.771,58.655,0.134382
OP2,310.A,G,89.996,75.408,58.962,0.057795
OP1,310.A,G,91.947,75.016,57.34,0.417077
O5',310.A,G,91.137,73.197,58.836,-0.118456
C5',310.A,G,92.27,72.342,58.846,0.280996
C4',310.A,G,91.87,70.895,58.984,0.477115
O4',310.A,G,91.537,70.607,60.368,0.334618
C3',310.A,G,90.633,70.467,58.209,0.019032
O3',310.A,G,90.903,70.183,56.846,0.392103
C1',310.A,G,90.429,69.703,60.435,0.443596
C2',310.A,G,90.146,69.259,58.999,-0.179155
O2',310.A,G,90.923,68.108,58.711,0.309161
N1,310.A,G,85.795,69.044,62.439,0.269087
C2,310.A,G,86.662,68.115,61.915,0.123155
N2,310.A,G,86.244,66.84,61.925,0.2307
N3,310.A,G,87.853,68.412,61.419,0.345242
C4,310.A,G,88.112,69.735,61.488,0.567721
C5,310.A,G,87.317,70.744,61.99,0.316553
C6,310.A,G,86.044,70.412,62.519,0.263762
O6,310.A,G,85.193,71.163,63.009,0.284677
N7,310.A,G,87.951,71.972,61.877,0.464947
C8,310.A,G,89.098,71.695,61.319,0.474664
N9,310.A,G,89.261,70.355,61.056,0.590929
H5',310.A,G,92.851,72.586,59.595,nan
H5'',310.A,G,92.764,72.459,58.007,nan
H4',310.A,G,92.624,70.33,58.715,nan
H3',310.A,G,89.959,71.177,58.262,nan
H1',310.A,G,90.692,68.924,60.971,nan
H2',310.A,G,89.19,69.098,58.856,nan
HO2',310.A,G,91.385,68.237,57.857,nan
H1,310.A,G,84.936,68.722,62.781,nan
H22,310.A,G,86.821,66.133,61.565,nan
H21,310.A,G,85.365,66.613,62.291,nan
H8,310.A,G,89.774,72.372,61.109,nan
P,311.A,A,89.77,70.418,55.732,0.200844
OP2,311.A,A,89.04,71.664,56.075,0.131351
OP1,311.A,A,90.401,70.282,54.396,0.330793
O5',311.A,A,88.773,69.192,55.934,0.026038
C5',311.A,A,89.181,67.864,55.643,0.382107
C4',311.A,A,88.137,66.857,56.059,0.521188
O4',311.A,A,87.912,66.945,57.489,0.318792
C3',311.A,A,86.752,67.046,55.455,0.262096
O3',311.A,A,86.642,66.51,54.146,0.611703
C1',311.A,A,86.523,66.758,57.789,0.44329
C2',311.A,A,85.851,66.364,56.473,-0.044727
O2',311.A,A,85.897,64.951,56.337,0.328843
N1,311.A,A,82.51,68.858,60.247,0.526834
C2,311.A,A,82.759,67.609,59.834,0.405563
N3,311.A,A,83.827,67.131,59.198,0.429678
C4,311.A,A,84.726,68.106,58.982,0.638662
C5,311.A,A,84.613,69.434,59.349,0.38897
C6,311.A,A,83.436,69.813,60.017,0.288376
N6,311.A,A,83.187,71.058,60.427,0.389269
N7,311.A,A,85.741,70.147,58.963,0.353496
C8,311.A,A,86.497,69.249,58.381,0.354881
N9,311.A,A,85.946,67.991,58.359,0.567647
H5',311.A,A,90.015,67.673,56.123,nan
H5'',311.A,A,89.342,67.781,54.682,nan
H4',311.A,A,88.459,65.958,55.84,nan
H3',311.A,A,86.541,68.002,55.429,nan
H1',311.A,A,86.431,66.027,58.433,nan
H2',311.A,A,84.932,66.703,56.424,nan
HO2',311.A,A,86.23,64.728,55.444,nan
H2,311.A,A,82.055,66.954,60.026,nan
H61,311.A,A,82.346,71.263,60.888,nan
H62,311.A,A,83.843,71.767,60.271,nan
H8,311.A,A,87.376,69.456,57.998,nan
P,312.A,G,85.623,67.163,53.09,0.312952
OP2,312.A,G,85.71,68.642,53.22,0.21146
OP1,312.A,G,85.862,66.531,51.766,0.462973
O5',312.A,G,84.188,66.707,53.604,0.267828
C5',312.A,G,83.8,65.341,53.565,0.497542
C4',312.A,G,82.452,65.128,54.207,0.544159
O4',312.A,G,82.509,65.511,55.607,0.26271
C3',312.A,G,81.307,65.955,53.645,0.152863
O3',312.A,G,80.757,65.405,52.459,0.538733
C1',312.A,G,81.274,66.121,56.002,0.450852
C2',312.A,G,80.325,66.0,54.808,-0.09704
O2',312.A,G,79.601,64.785,54.918,0.332239
N1,312.A,G,79.232,70.246,58.177,0.534694
C2,312.A,G,78.678,69.007,57.959,0.213002
N2,312.A,G,77.414,68.839,58.375,0.284752
N3,312.A,G,79.318,68.004,57.378,0.423603
C4,312.A,G,80.574,68.345,57.023,0.506273
C5,312.A,G,81.221,69.55,57.195,0.284791
C6,312.A,G,80.524,70.617,57.819,0.192485
O6,312.A,G,80.925,71.762,58.062,0.174672
N7,312.A,G,82.514,69.492,56.693,0.328406
C8,312.A,G,82.626,68.275,56.232,0.271664
N9,312.A,G,81.488,67.526,56.403,0.479499
H5',312.A,G,84.469,64.805,54.039,nan
H5'',312.A,G,83.758,65.046,52.63,nan
H4',312.A,G,82.218,64.177,54.146,nan
H3',312.A,G,81.626,66.863,53.46,nan
H1',312.A,G,80.912,65.617,56.759,nan
H2',312.A,G,79.729,66.775,54.746,nan
HO2',312.A,G,79.645,64.309,54.06,nan
H1,312.A,G,78.675,70.921,58.617,nan
H22,312.A,G,76.967,67.976,58.246,nan
H21,312.A,G,76.935,69.576,58.805,nan
H8,312.A,G,83.441,67.932,55.811,nan
P,313.A,C,80.03,66.367,51.403,0.166349
OP2,313.A,C,81.015,67.426,51.071,0.182468
OP1,313.A,C,79.517,65.478,50.33,0.450598
O5',313.A,C,78.779,67.06,52.106,0.137923
C5',313.A,C,77.645,66.298,52.494,0.426884
C4',313.A,C,76.49,67.184,52.894,0.513344
O4',313.A,C,76.707,67.705,54.231,0.346448
C3',313.A,C,76.271,68.427,52.044,0.151415
O3',313.A,C,75.55,68.162,50.852,0.490291
C1',313.A,C,76.261,69.058,54.32,0.397399
C2',313.A,C,75.548,69.362,53.002,-0.017131
O2',313.A,C,74.178,69.012,53.127,0.375908
N1,313.A,C,77.408,69.968,54.564,0.364031
C2,313.A,C,77.142,71.261,55.033,0.426473
O2,313.A,C,75.965,71.605,55.229,0.402719
N3,313.A,C,78.169,72.111,55.264,0.143365
C4,313.A,C,79.423,71.717,55.046,-0.028095
N4,313.A,C,80.406,72.589,55.287,0.17908
C5,313.A,C,79.726,70.411,54.569,0.306035
C6,313.A,C,78.702,69.578,54.347,0.235845
H5',313.A,C,77.888,65.728,53.252,nan
H5'',313.A,C,77.368,65.734,51.742,nan
H4',313.A,C,75.669,66.649,52.89,nan
H3',313.A,C,77.141,68.816,51.812,nan
H1',313.A,C,75.623,69.135,55.061,nan
H2',313.A,C,75.661,70.301,52.742,nan
HO2',313.A,C,73.728,69.681,53.685,nan
H42,313.A,C,81.338,72.33,55.138,nan
H41,313.A,C,80.193,73.488,55.615,nan
H5,313.A,C,80.653,70.13,54.412,nan
H6,313.A,C,78.89,68.675,54.018,nan
P,314.A,A,75.808,69.048,49.537,0.172739
OP2,314.A,A,77.272,69.268,49.412,0.135985
OP1,314.A,A,75.059,68.434,48.413,0.472334
O5',314.A,A,75.128,70.449,49.875,-0.108749
C5',314.A,A,73.719,70.56,50.015,0.326879
C4',314.A,A,73.315,71.94,50.471,0.517121
O4',314.A,A,73.885,72.212,51.776,0.121523
C3',314.A,A,73.797,73.096,49.607,-0.287249
O3',314.A,A,72.986,73.307,48.462,0.362019
C1',314.A,A,74.272,73.587,51.868,0.305156
C2',314.A,A,73.792,74.264,50.583,-0.195134
O2',314.A,A,72.476,74.759,50.787,0.377389
N1,314.A,A,78.172,76.719,53.113,0.39087
C2,314.A,A,76.849,76.916,53.031,0.48719
N3,314.A,A,75.891,76.054,52.701,0.59772
C4,314.A,A,76.41,74.846,52.424,0.365023
C5,314.A,A,77.745,74.491,52.465,0.234916
C6,314.A,A,78.661,75.493,52.829,0.224033
N6,314.A,A,79.98,75.298,52.909,0.245416
N7,314.A,A,77.907,73.155,52.119,0.347679
C8,314.A,A,76.688,72.742,51.882,0.35199
N9,314.A,A,75.732,73.712,52.049,0.27099
H5',314.A,A,73.409,69.903,50.673,nan
H5'',314.A,A,73.296,70.371,49.151,nan
H4',314.A,A,72.337,71.978,50.534,nan
H3',314.A,A,74.719,72.921,49.321,nan
H1',314.A,A,73.813,73.987,52.637,nan
H2',314.A,A,74.406,74.973,50.299,nan
HO2',314.A,A,72.521,75.558,51.353,nan
H2,314.A,A,76.545,77.823,53.247,nan
H61,314.A,A,80.57,76.036,53.169,nan
H62,314.A,A,80.358,74.417,52.707,nan
H8,314.A,A,76.477,71.822,51.612,nan
P,315.A,G,73.673,73.455,47.023,0.072565
OP2,315.A,G,74.881,72.59,47.058,0.099727
OP1,315.A,G,72.603,73.18,46.032,0.378423
O5',315.A,G,74.151,74.96,46.827,-0.042508
C5',315.A,G,73.22,76.032,46.864,0.30509
C4',315.A,G,73.903,77.368,46.708,0.461937
O4',315.A,G,74.759,77.619,47.852,0.052835
C3',315.A,G,74.835,77.505,45.513,-0.199453
O3',315.A,G,74.149,77.792,44.305,0.456985
C1',315.A,G,75.959,78.284,47.438,0.158482
C2',315.A,G,75.783,78.609,45.954,-0.288376
O2',315.A,G,75.177,79.888,45.831,0.218779
N1,315.A,G,81.041,78.079,47.646,0.389315
C2,315.A,G,80.221,79.141,47.356,0.187772
N2,315.A,G,80.828,80.307,47.086,0.336971
N3,315.A,G,78.898,79.07,47.335,0.40825
C4,315.A,G,78.456,77.83,47.629,0.254253
C5,315.A,G,79.189,76.702,47.931,0.336956
C6,315.A,G,80.605,76.793,47.952,0.232431
O6,315.A,G,81.431,75.907,48.198,0.32847
N7,315.A,G,78.354,75.621,48.175,0.286531
C8,315.A,G,77.15,76.102,48.016,0.315826
N9,315.A,G,77.14,77.435,47.686,0.122157
H5',315.A,G,72.746,76.015,47.723,nan
H5'',315.A,G,72.571,75.917,46.137,nan
H4',315.A,G,73.22,78.07,46.659,nan
H3',315.A,G,75.341,76.671,45.402,nan
H1',315.A,G,76.043,79.117,47.947,nan
H2',315.A,G,76.637,78.563,45.474,nan
HO2',315.A,G,74.425,79.826,45.207,nan
H1,315.A,G,82.009,78.237,47.637,nan
H22,315.A,G,80.291,81.1,46.873,nan
H21,315.A,G,81.805,80.368,47.099,nan
H8,315.A,G,76.339,75.564,48.126,nan
P,316.A,A,74.76,77.316,42.896,0.150608
OP2,316.A,A,75.287,75.94,43.066,0.024354
OP1,316.A,A,73.752,77.591,41.842,0.371508
O5',316.A,A,75.997,78.293,42.664,-0.188942
C5',316.A,A,75.799,79.682,42.449,0.486631
C4',316.A,A,77.109,80.424,42.376,0.411334
O4',316.A,A,77.817,80.295,43.638,0.084628
C3',316.A,A,78.104,79.923,41.341,-0.299311
O3',316.A,A,77.837,80.408,40.035,0.321955
C1',316.A,A,79.224,80.183,43.406,0.077359
C2',316.A,A,79.437,80.394,41.906,-0.219094
O2',316.A,A,79.641,81.778,41.661,0.248559
N1,316.A,A,83.389,77.354,44.505,0.278911
C2,316.A,A,83.244,78.616,44.082,0.184301
N3,316.A,A,82.129,79.289,43.814,0.342412
C4,316.A,A,81.045,78.52,44.026,0.170995
C5,316.A,A,81.034,77.208,44.459,0.224116
C6,316.A,A,82.282,76.608,44.709,0.197088
N6,316.A,A,82.427,75.35,45.13,0.396957
N7,316.A,A,79.732,76.737,44.566,0.344086
C8,316.A,A,78.998,77.759,44.198,0.303933
N9,316.A,A,79.727,78.872,43.859,0.115029
H5',316.A,A,75.263,80.047,43.185,nan
H5'',316.A,A,75.313,79.809,41.608,nan
H4',316.A,A,76.928,81.373,42.209,nan
H3',316.A,A,78.089,78.943,41.328,nan
H1',316.A,A,79.677,80.895,43.904,nan
H2',316.A,A,80.182,79.852,41.569,nan
HO2',316.A,A,80.539,82.026,41.962,nan
H2,316.A,A,84.078,79.113,43.949,nan
H61,316.A,A,83.324,74.985,45.286,nan
H62,316.A,A,81.638,74.791,45.285,nan
H8,316.A,A,78.019,77.73,44.17,nan
P,317.A,G,78.011,79.441,38.763,0.049093
OP2,317.A,G,77.521,78.091,39.141,-0.126009
OP1,317.A,G,77.433,80.128,37.58,0.276489
O5',317.A,G,79.589,79.353,38.558,-0.264367
C5',317.A,G,80.321,80.458,38.049,0.388886
C4',317.A,G,81.745,80.078,37.728,0.475886
O4',317.A,G,82.458,79.711,38.934,-0.010129
C3',317.A,G,81.926,78.87,36.822,-0.246922
O3',317.A,G,81.925,79.206,35.445,0.330472
C1',317.A,G,83.241,78.583,38.759,-0.095092
C2',317.A,G,83.285,78.348,37.253,-0.1035
O2',317.A,G,84.336,79.124,36.697,0.232781
N1,317.A,G,83.303,73.64,39.976,0.161651
C2,317.A,G,84.196,74.367,39.226,0.161275
N2,317.A,G,85.245,73.693,38.732,0.213899
N3,317.A,G,84.07,75.66,38.977,0.421998
C4,317.A,G,82.962,76.179,39.547,0.157707
C5,317.A,G,82.009,75.541,40.313,-0.013958
C6,317.A,G,82.156,74.154,40.572,0.117967
O6,317.A,G,81.418,73.411,41.229,0.311456
N7,317.A,G,81.022,76.431,40.713,0.026634
C8,317.A,G,81.385,77.572,40.192,0.125686
N9,317.A,G,82.553,77.49,39.472,-0.0584
H5',317.A,G,80.323,81.175,38.716,nan
H5'',317.A,G,79.884,80.781,37.233,nan
H4',317.A,G,82.195,80.849,37.323,nan
H3',317.A,G,81.241,78.203,37.034,nan
H1',317.A,G,84.155,78.672,39.102,nan
H2',317.A,G,83.387,77.395,37.043,nan
HO2',317.A,G,85.195,78.76,36.996,nan
H1,317.A,G,83.487,72.685,40.102,nan
H22,317.A,G,85.915,74.16,38.189,nan
H21,317.A,G,85.345,72.736,38.911,nan
H8,317.A,G,80.877,78.401,40.304,nan
P,318.A,C,80.874,78.514,34.445,0.086166
OP2,318.A,C,79.69,78.099,35.237,0.011832
OP1,318.A,C,80.696,79.408,33.274,0.33022
O5',318.A,C,81.622,77.197,33.949,-0.039259
C5',318.A,C,82.861,77.276,33.262,0.230224
C4',318.A,C,83.668,76.009,33.419,0.32143
O4',318.A,C,83.949,75.774,34.824,-0.033726
C3',318.A,C,82.996,74.726,32.955,-0.203553
O3',318.A,C,83.097,74.522,31.555,0.22467
C1',318.A,C,83.883,74.381,35.119,-0.136285
C2',318.A,C,83.707,73.662,33.779,-0.392926
O2',318.A,C,84.99,73.367,33.243,0.163148
N1,318.A,C,82.767,74.104,36.056,-0.052937
C2,318.A,C,82.755,72.88,36.733,0.170306
O2,318.A,C,83.67,72.066,36.532,0.209227
N3,318.A,C,81.749,72.603,37.595,-0.022912
C4,318.A,C,80.777,73.493,37.794,0.172614
N4,318.A,C,79.804,73.176,38.652,0.253754
C5,318.A,C,80.759,74.746,37.12,0.126461
C6,318.A,C,81.76,75.009,36.271,0.231801
H5',318.A,C,83.376,78.03,33.62,nan
H5'',318.A,C,82.689,77.43,32.31,nan
H4',318.A,C,84.515,76.116,32.938,nan
H3',318.A,C,82.049,74.749,33.21,nan
H1',318.A,C,84.728,74.102,35.529,nan
H2',318.A,C,83.159,72.855,33.875,nan
HO2',318.A,C,85.019,73.658,32.307,nan
H42,318.A,C,79.075,73.809,38.82,nan
H41,318.A,C,79.819,72.312,39.114,nan
H5,318.A,C,80.04,75.394,37.273,nan
H6,318.A,C,81.765,75.867,35.799,nan
P,319.A,U,81.949,73.715,30.772,-0.011321
OP2,319.A,U,80.637,74.1,31.353,-0.053148
OP1,319.A,U,82.183,73.88,29.316,0.340963
O5',319.A,U,82.226,72.192,31.146,-0.128392
C5',319.A,U,83.386,71.524,30.674,0.350635
C4',319.A,U,83.498,70.131,31.241,0.387074
O4',319.A,U,83.621,70.194,32.686,-0.076696
C3',319.A,U,82.306,69.215,31.009,-0.256756
O3',319.A,U,82.311,68.61,29.728,0.159343
C1',319.A,U,82.902,69.122,33.294,-0.11487
C2',319.A,U,82.423,68.219,32.155,-0.128435
O2',319.A,U,83.422,67.245,31.89,0.014511
N1,319.A,U,81.776,69.653,34.1,0.081449
C2,319.A,U,81.208,68.802,35.03,0.034834
O2,319.A,U,81.591,67.659,35.207,0.220621
N3,319.A,U,80.17,69.337,35.753,0.110969
C4,319.A,U,79.65,70.609,35.644,0.133425
O4,319.A,U,78.712,70.942,36.369,0.204676
C5,319.A,U,80.287,71.434,34.663,0.287673
C6,319.A,U,81.301,70.939,33.946,0.220799
H5',319.A,U,84.18,72.039,30.932,nan
H5'',319.A,U,83.347,71.467,29.697,nan
H4',319.A,U,84.3,69.705,30.871,nan
H3',319.A,U,81.48,69.731,31.118,nan
H1',319.A,U,83.505,68.617,33.878,nan
H2',319.A,U,81.559,67.806,32.363,nan
HO2',319.A,U,83.412,66.575,32.605,nan
H3,319.A,U,79.754,68.75,36.417,nan
H5,319.A,U,79.983,72.354,34.52,nan
H6,319.A,U,81.718,71.522,33.28,nan
P,320.A,C,80.927,68.236,29.003,0.003208
OP2,320.A,C,79.96,69.332,29.262,-0.045796
OP1,320.A,C,81.233,67.842,27.604,0.174537
O5',320.A,C,80.423,66.94,29.779,-0.146552
C5',320.A,C,81.121,65.707,29.674,0.360877
C4',320.A,C,80.576,64.675,30.629,0.436123
O4',320.A,C,80.718,65.142,31.995,-0.055434
C3',320.A,C,79.093,64.357,30.498,0.073798
O3',320.A,C,78.815,63.433,29.459,0.301823
C1',320.A,C,79.585,64.755,32.775,0.019911
C2',320.A,C,78.741,63.839,31.886,0.010695
O2',320.A,C,79.174,62.499,32.062,0.319281
N1,320.A,C,78.832,65.949,33.23,0.008198
C2,320.A,C,77.917,65.799,34.279,0.019816
O2,320.A,C,77.763,64.68,34.794,0.276088
N3,320.A,C,77.217,66.872,34.714,0.031375
C4,320.A,C,77.4,68.063,34.145,0.029007
N4,320.A,C,76.688,69.094,34.606,0.164028
C5,320.A,C,78.321,68.249,33.075,0.100275
C6,320.A,C,79.008,67.181,32.655,0.152321
H5',320.A,C,82.068,65.861,29.873,nan
H5'',320.A,C,81.038,65.371,28.756,nan
H4',320.A,C,81.089,63.846,30.519,nan
H3',320.A,C,78.601,65.188,30.33,nan
H1',320.A,C,79.898,64.253,33.555,nan
H2',320.A,C,77.785,63.94,32.074,nan
HO2',320.A,C,78.861,62.174,32.931,nan
H42,320.A,C,76.798,69.982,34.208,nan
H41,320.A,C,76.053,68.961,35.342,nan
H5,320.A,C,78.449,69.13,32.663,nan
H6,320.A,C,79.646,67.288,31.92,nan
P,321.A,C,77.407,63.487,28.687,0.068382
OP2,321.A,C,77.067,64.912,28.445,-0.09038
OP1,321.A,C,77.475,62.546,27.541,0.062541
O5',321.A,C,76.365,62.904,29.741,-0.097956
C5',321.A,C,76.418,61.543,30.144,0.110898
C4',321.A,C,75.431,61.25,31.247,0.165565
O4',321.A,C,75.749,62.045,32.419,-0.095094
C3',321.A,C,73.977,61.588,30.954,0.074842
O3',321.A,C,73.319,60.59,30.192,0.305419
C1',321.A,C,74.552,62.465,33.072,-0.06996
C2',321.A,C,73.394,61.777,32.347,0.158698
O2',321.A,C,73.134,60.529,32.971,0.193257
N1,321.A,C,74.433,63.944,33.048,0.015058
C2,321.A,C,73.518,64.553,33.915,0.050414
O2,321.A,C,72.837,63.844,34.673,0.248809
N3,321.A,C,73.391,65.899,33.913,0.005455
C4,321.A,C,74.134,66.64,33.09,0.073315
N4,321.A,C,73.974,67.965,33.122,0.040016
C5,321.A,C,75.072,66.051,32.195,0.09347
C6,321.A,C,75.19,64.718,32.207,0.2028
H5',321.A,C,77.322,61.34,30.461,nan
H5'',321.A,C,76.213,60.974,29.373,nan
H4',321.A,C,75.494,60.3,31.48,nan
H3',321.A,C,73.937,62.44,30.472,nan
H1',321.A,C,74.581,62.158,34.002,nan
H2',321.A,C,72.595,62.346,32.328,nan
HO2',321.A,C,72.686,60.687,33.828,nan
H42,321.A,C,74.506,68.534,32.529,nan
H41,321.A,C,73.326,68.365,33.738,nan
H5,321.A,C,75.614,66.604,31.593,nan
H6,321.A,C,75.829,64.295,31.599,nan
